735.353324
728.490977
724.455877
723.775713
726.453282
731.979308
739.428246
747.619176
755.313180
761.413058
765.131728
766.102006
764.411411
760.559163
755.346153
749.719952
744.603986
740.741571
738.581626
738.224231
739.432685
741.706307
744.397441
746.848664
748.523508
749.106323
748.553687
747.089600
745.147655
743.273373
742.007059
741.770625
742.780400
745.002280
748.157028
751.773660
755.279619
758.109645
759.812004
760.131704
759.055181
756.808603
753.811019
750.592182
747.691444
745.557388
744.467350
744.481724
745.441037
747.005362
748.727571
750.145598
750.875539
750.687634
749.550808
747.637794
745.290537
742.953267
741.086613
740.079543
740.175968
741.429695
743.695703
746.658618
749.892107
752.937210
755.384261
756.942820
757.486732
757.066591
755.888402
754.263792
752.542507
751.041058
749.981721
749.453635
749.403073
749.653920
749.953366
750.032881
749.671625
748.749252
747.277339
745.403165
743.385175
741.545163
740.206798
739.632785
739.973105
741.234480
743.276967
745.838137
748.579955
751.149023
753.238427
754.639250
755.272067
755.192800
754.572497
753.655696
752.706225
751.951567
751.537025
751.498702
751.760412
752.154686
752.463151
752.467695
752.001697
750.990671
749.473915
747.602609
745.614653
743.791226
742.403745
741.661856
741.672889
742.420906
743.769567
745.488280
747.296454
748.917091
750.129069
750.807799
750.946217
750.652043
750.121959
749.597945
749.314602
749.448041
750.076640
751.161593
752.551259
754.008561
755.256145
756.030416
756.133840
755.475177
754.089675
752.135189
749.864916
747.581992
745.584800
744.113583
743.308733
743.188770
743.652151
744.502338
745.491002
746.370638
746.946085
747.114633
746.886723
746.383072
745.808753
745.409325
745.417715
746.002402
747.227292
749.031411
751.232739
753.555799
755.678009
757.286129
758.132154
758.078061
757.120947
755.393819
753.141947
750.679317
748.333492
746.389284
745.041782
744.367356
744.317702
744.737538
745.401978
746.065904
746.515469
746.611606
746.317151
745.702530
744.929255
744.214828
743.786313
743.831961
744.460565
745.676603
747.376018
749.363370
751.386836
753.184083
754.529889
755.276169
755.376630
754.891375
753.970828
752.822446
751.667085
750.693897
750.022892
749.682668
749.607774
749.656163
749.643178
749.385130
748.743595
747.661333
746.182355
744.451738
742.694799
741.179275
740.167568
739.868115
740.395184
741.744881
743.792054
746.308853
749.001564
751.558907
753.702838
755.232488
756.053269
756.186045
755.755134
754.957909
754.022244
753.160227
752.527128
752.193419
752.134954
752.242811
752.350408
752.272232
751.846258
750.971622
749.634099
747.914458
745.978169
744.048579
742.368860
741.160110
740.583597
740.714186
741.529653
742.917446
744.697011
746.652901
748.571899
750.276935
751.651436
752.649950
753.293840
753.653924
753.824562
753.895335
753.926714
753.935076
753.890214
753.725663
753.359275
752.719180
751.768988
750.526206
749.069190
747.530425
746.076838
744.880770
744.087359
743.785122
743.986107
744.620248
745.545781
746.574314
747.506129
748.168984
748.452800
748.333113
747.878235
747.238128
746.616552
746.231427
746.270803
746.852877
747.997992
749.618373
751.528097
753.471955
755.168189
756.357357
756.848285
756.552437
755.500190
753.835785
751.791777
749.647678
747.680494
746.116439
745.092879
744.637650
744.669564
745.019872
745.470424
745.801080
745.837104
745.487288
744.765308
743.790032
742.764536
741.937695
741.555568
741.811817
742.806610
744.521915
746.818013
749.452091
752.115636
754.483864
756.268187
757.262275
757.373485
756.634306
755.192193
753.280230
751.174517
749.146508
747.419194
746.135026
745.340951
744.992472
744.974856
745.136378
745.326257
745.429294
745.390158
745.222639
745.002410
744.845367
744.876625
745.197176
745.855667
746.831667
748.034333
749.317108
750.505675
751.433451
751.977211
752.085157
751.791149
751.211470
750.524024
749.933502
749.629015
749.742524
750.316522
751.287923
752.492155
753.687670
754.597065
754.957713
754.572716
753.352606
751.339722
748.710119
745.751954
742.823557
740.298156
738.504774
737.675595
737.909050
739.155061
741.224973
743.824274
746.602171
749.209133
751.352238
752.838688
753.600183
753.694451
753.284426
752.599632
751.887464
751.363660
751.171212
751.355074
751.856918
752.530319
753.172893
753.568836
753.533516
752.951596
751.801613
750.162649
748.202216
746.148049
744.249398
742.735256
741.777263
741.463932
741.790447
742.665232
743.931286
745.397574
746.874088
748.203794
749.285609
750.084605
750.628318
750.990837
751.268726
751.554225
751.911518
752.360926
752.874015
753.380252
753.783340
753.983398
753.900014
753.491144
752.763827
751.774495
750.618968
749.414375
748.276989
747.300778
746.541289
746.008274
745.668607
745.458748
745.303968
745.140027
744.932415
744.688723
744.461092
744.337794
744.425298
744.824266
745.604349
746.783086
748.313576
750.083970
751.929580
753.655879
755.068479
756.004692
756.360803
756.109901
755.306775
754.078799
752.604344
751.082599
749.700317
748.601546
747.865856
747.498898
747.436822
747.563433
747.736558
747.818462
747.704418
747.344031
746.751388
746.002338
745.219703
744.549511
744.133027
744.080015
744.448316
745.233442
746.369852
747.743260
749.211189
750.627491
751.865931
752.838341
753.504109
753.869700
753.978965
753.896935
753.690973
753.413645
753.091064
752.719175
752.268573
751.696536
750.963275
750.048468
748.964030
747.759872
746.520940
745.355753
744.378574
743.688862
743.352377
743.388105
743.764073
744.403303
745.199023
746.036214
746.815132
747.471827
747.991132
748.409020
748.803352
749.274443
749.919135
750.803559
751.940368
753.275579
754.688443
756.005355
757.025973
757.557232
757.449131
756.625551
755.103975
752.999884
750.514323
747.906240
745.454132
743.413606
741.978378
741.251748
741.233699
741.825969
742.854090
744.102228
745.354258
746.433333
747.232496
747.730614
747.990729
748.141323
748.344298
748.756068
749.489519
750.584475
751.992666
753.580436
755.148958
756.468337
757.319209
757.533934
757.029477
755.825563
754.044480
751.892350
749.625242
747.506380
745.762402
744.546827
743.917484
743.832011
744.162061
744.723253
745.314943
745.762012
745.950512
745.850276
745.520122
745.094723
744.755760
744.693054
745.063338
745.954762
747.364168
749.191648
751.253622
753.312026
755.114180
756.435780
757.118942
757.098165
756.409445
755.181029
753.607811
751.914500
750.314758
748.974216
747.984360
747.352097
747.006652
746.821992
746.649960
746.357193
745.858222
745.137988
744.259136
743.352554
742.592972
742.164450
742.222597
742.861064
744.089030
745.824231
747.903090
750.106099
752.193676
753.945669
755.196994
755.862693
755.947807
755.540467
754.789876
753.873819
752.962321
752.184735
751.606755
751.221772
750.958022
750.699787
750.318006
749.703807
748.797855
747.609295
746.220208
744.774455
743.453002
742.440608
741.890573
741.894689
742.464574
743.528277
744.942994
746.521490
748.066982
749.409510
750.436444
751.110916
751.474351
751.632522
751.727888
751.903868
752.268445
752.864783
753.655259
754.522717
755.289322
755.749804
755.712881
755.042789
753.692569
751.722164
749.297124
746.667428
744.129771
741.979951
740.464055
739.737533
739.839921
740.690089
742.103060
743.825313
745.581982
747.126995
748.286623
748.988130
749.268053
749.258596
749.154843
749.169305
749.482807
750.201524
751.328892
752.758246
754.288070
755.657322
756.594308
756.869839
756.344383
754.999940
752.950117
750.425976
747.739841
745.233442
743.219867
741.930066
741.473902
741.823089
742.819283
744.205898
745.677715
746.939028
747.759393
748.016531
747.718308
746.999665
746.095129
745.292074
744.873613
745.061865
745.972333
747.587959
749.757748
752.220212
754.647241
756.700235
758.088082
758.616350
758.218808
756.965788
755.048346
752.741664
750.354990
748.177766
746.432076
745.240098
744.612137
744.456723
744.609915
744.877287
745.079752
745.093802
744.878080
744.481100
744.028843
743.695035
743.660476
744.069929
744.995623
746.415028
748.207711
750.172216
752.059875
753.619013
754.640889
754.998265
754.668935
753.739437
752.388085
750.850522
749.374490
748.172631
747.382611
747.042408
747.085678
747.358159
747.651919
747.750718
747.477513
746.734656
745.528699
743.974690
742.278824
740.702564
739.514956
738.942265
739.124591
740.087898
741.736891
743.870235
746.215290
748.475772
750.383298
751.743029
752.464777
752.573825
752.199615
751.544803
750.840953
750.299732
750.069299
750.204485
750.656658
751.285184
751.888176
752.246329
752.171065
751.547286
750.362077
748.713416
746.796881
744.872657
743.219084
742.081655
741.627369
741.913378
742.876138
744.343333
746.066415
747.767582
749.192159
750.156260
750.580447
750.502787
750.068689
749.499386
749.045110
748.932048
749.313419
750.234331
751.617464
753.272692
754.929132
756.283800
757.057806
757.049490
756.174403
754.484462
752.162492
749.493010
746.814568
744.462448
742.712307
741.735162
741.571944
742.132120
743.216333
744.558475
745.878985
746.939118
747.585812
747.778719
747.594397
747.207103
746.850121
746.765243
747.150294
748.114883
749.652979
751.637636
753.838967
755.962036
757.697570
758.776014
759.014877
758.350656
756.849599
754.695573
752.157624
749.543534
747.148189
745.206348
743.858348
743.134639
742.961307
743.184701
743.609673
744.043485
744.336548
744.412061
744.278960
744.026093
743.799261
743.766190
744.076820
744.827102
746.033709
747.624777
749.448528
751.298047
752.947262
754.190998
754.881220
754.952404
754.431188
753.428630
752.116850
750.694910
749.350856
748.227533
747.398915
746.861494
746.542178
746.320783
746.062241
745.651681
745.024988
744.188352
743.222587
742.271091
741.513674
741.131374
741.269281
742.004888
743.328430
745.139402
747.260227
749.464671
751.515672
753.205323
754.389319
755.009189
755.098050
754.768831
754.187390
753.535931
752.974080
752.605463
752.456536
752.472060
752.528223
752.460952
752.103816
751.327940
750.075825
748.382015
746.376048
744.266521
742.308786
740.762041
739.843749
739.689982
740.329313
741.675402
743.539974
745.664041
747.761781
749.569068
750.887728
751.617388
751.769063
751.458073
750.877722
750.258807
749.822623
749.736365
750.079302
750.826068
751.850155
752.946913
753.871688
754.385963
754.302892
753.523835
752.059215
750.030010
747.649795
745.190823
742.940486
741.156110
740.026159
739.644485
740.001679
740.994273
742.449225
744.158373
745.915949
747.551967
748.955493
750.084041
750.958302
751.644345
752.227877
752.786576
753.366615
753.968420
754.544539
755.009810
755.261363
755.203865
754.774285
753.960591
752.810066
751.425136
749.947294
748.532254
747.321398
746.415489
745.856233
745.619788
745.623841
745.747135
745.857633
745.843647
745.641426
745.253274
744.751974
744.270015
743.975111
744.036391
744.587652
745.694941
747.335122
749.390216
751.659395
753.887156
755.803082
757.166209
757.805963
757.652056
756.747588
755.242627
753.369067
751.401066
749.608073
748.208898
747.335178
747.010942
747.152048
747.585646
748.086127
748.420957
748.397950
747.905235
746.936443
745.596346
744.085719
742.667957
755.502607
