-1.536898
-1.121520
0.647978
0.400428
0.008211
0.107011
-0.337886
-0.446938
0.190220
-1.941321
-0.275704
-1.226683
0.410753
1.030475
-0.834276
-1.137584
-1.427007
-1.417581
-0.384995
0.660668
-1.024432
0.897086
-0.046184
0.807622
1.110209
-2.372742
0.307137
-0.665855
-2.197206
0.106838
0.211076
-0.477623
0.517782
-0.745658
1.460779
-0.091088
1.998530
-0.023059
-1.155443
0.615458
-0.594048
-0.564268
-0.244127
-0.112911
-0.441070
-2.669964
0.619022
1.554236
0.517890
-1.752709
0.844043
-0.818367
0.302001
0.954510
0.686415
0.190193
1.122691
0.844170
-0.867585
2.475488
0.263243
-0.378213
0.187304
-1.103996
-0.522969
-0.594904
0.667073
0.591370
0.087563
-0.217770
0.324915
0.191217
0.291573
1.036061
0.053213
-0.976395
-0.176134
0.697368
-0.439971
0.341656
1.237569
1.135993
-0.129190
-0.257729
0.092657
-0.486444
-0.097875
0.148980
0.361007
-0.713427
0.223141
0.615083
-0.137347
-2.263032
0.009821
0.820437
-0.701316
-0.802283
-0.844564
1.733419
0.894089
-0.790064
0.040048
-0.795980
0.179455
-0.840798
0.321115
-1.402687
0.685193
1.012846
0.296217
-1.823855
0.932376
-0.675308
-0.720956
0.318757
-0.495820
0.461170
0.278593
1.640149
0.183255
-0.335835
0.577054
0.887303
-0.103128
1.041574
0.965931
0.562474
1.596058
-0.230394
0.160697
0.269310
0.561754
-0.386645
-0.052514
0.944713
1.479535
-0.057492
1.017908
0.930733
0.325936
0.102001
-1.422036
0.256692
-1.063714
-0.057500
-1.303867
2.467451
0.060117
0.113650
0.168976
0.485549
-1.220944
0.044680
1.190493
-1.110033
1.724565
-1.191095
0.692144
-0.082713
-2.099479
1.329183
1.185481
-0.302964
0.801982
-1.854338
0.689754
-0.585929
-0.198957
1.342919
-0.914706
0.465944
1.201982
0.740665
-0.630042
-1.250094
1.224878
-0.856565
-0.468203
0.222733
0.039221
0.815059
0.123016
-2.025495
1.327333
0.351454
-1.350851
0.124200
-0.834089
-1.119283
-0.461580
-0.533885
1.109860
0.307061
0.472681
-0.832848
0.537796
0.335055
0.237084
0.753893
-1.083451
-0.908217
0.353140
-0.677794
-1.183713
-0.509554
-0.739546
-0.248516
1.389721
-0.650481
1.087734
0.652711
1.165399
-1.734874
1.943398
-1.012031
-1.064412
-0.307466
-0.169836
0.760634
1.366580
-0.200657
0.840094
-1.588097
-1.600721
-1.371768
-0.696462
1.321610
1.551761
-0.524949
0.055608
0.159458
1.001754
-0.796101
-1.943493
0.380365
1.633362
0.611448
0.642710
0.999798
-1.368781
-1.105224
-0.264446
0.066776
-0.228678
-0.141595
0.174799
1.127385
0.408451
-1.371920
-0.901223
1.166641
-1.062607
2.206184
1.148727
0.863612
1.191679
-0.171136
1.458456
0.369470
-0.524433
0.273289
1.171303
-0.463034
1.711796
-2.276917
0.090853
-0.635889
-1.725422
-0.152166
-0.878231
-0.600801
-0.789314
0.917757
-1.379422
1.376552
-1.251755
1.142477
-1.046289
0.150966
0.838229
-0.529173
0.600694
-0.006756
1.836241
0.199546
1.682306
-2.126196
-0.824315
-0.271524
0.311172
-0.126421
-0.530640
0.033689
-1.578434
-0.159732
-1.473559
0.962049
0.180871
-0.666009
0.784607
0.660389
-0.451866
-0.702611
0.494299
0.623064
-0.117348
0.218814
-0.345942
-0.612930
-1.481429
-0.857318
-2.155246
0.436810
0.983963
-0.846576
1.576523
1.087712
0.729461
1.241003
-1.387201
-1.371533
1.234210
-1.775883
0.729970
0.633347
-0.971970
0.794029
-0.242398
-1.142934
0.157662
-0.234887
-0.149610
1.498892
-0.263667
0.314254
-0.478255
-0.032179
1.530999
1.625615
-0.551951
-1.406741
-0.062524
1.196945
-0.443931
-0.051348
0.743175
-0.001818
-0.987528
0.203388
0.632481
0.440190
0.006981
-1.275808
-0.841285
-0.920048
-0.444041
-0.730647
1.098364
0.826478
1.114292
0.522048
-0.353265
-0.470971
-0.587347
1.150863
-1.195975
-0.523659
1.481066
-0.863158
-1.876647
0.604263
-1.575255
0.885702
-0.682107
-0.542427
-1.386738
0.619817
0.242173
0.308619
0.114925
-0.309363
1.312196
-0.499860
-0.979534
0.828175
-1.103789
0.464912
1.831289
-1.528494
0.640650
-0.475210
1.401095
0.266489
2.034993
-0.112167
-0.711190
-2.576225
-0.751915
1.601164
-0.784323
-1.040041
1.881070
-0.915538
0.746557
0.709153
-0.103964
-0.991960
-1.615719
1.349345
-1.262565
1.014149
1.519592
-0.284901
0.673668
-0.769104
0.633369
0.364289
-0.206393
-0.291878
0.642317
0.357269
-0.126108
-0.359717
-0.939297
0.530283
-0.446482
0.490736
1.158392
-0.892890
-0.630691
1.275697
-0.580444
-0.835723
-0.708701
-0.268025
-0.774633
0.554644
-1.053803
2.423348
-0.085760
0.097438
0.389136
-0.727298
-0.608883
1.856949
0.919756
1.321658
1.550047
-1.157049
-0.354780
-1.289384
-0.481989
-0.757690
2.158040
1.803841
0.112997
1.428767
2.008499
0.655688
-0.407892
0.349352
0.790829
-1.047641
0.056251
-1.082532
1.594517
1.761427
0.736005
-0.256457
-0.171588
-1.722575
-0.241345
0.106261
1.089524
1.034486
-0.609307
-0.957688
-0.154665
-1.044667
0.717262
-0.762452
-0.898495
-0.856646
-0.687108
1.820006
-1.480639
0.586417
0.464629
-0.967420
-0.549033
-0.876428
-0.786210
0.546297
0.238858
-0.967804
1.407221
0.019929
1.519869
0.770830
0.192557
-0.305947
0.657920
-0.196931
0.657155
-0.548516
-0.852396
-0.083058
-0.129035
-0.055426
-0.251949
0.100122
0.188071
-2.244402
-1.362857
-0.924498
0.862294
-0.121033
-0.366120
0.348447
1.222212
0.982395
0.162734
0.210228
1.841615
0.557623
0.199113
-0.096127
-0.828724
-0.178398
0.296827
-0.205219
0.624302
-0.471354
1.680256
-0.849935
-0.485826
0.386462
0.747968
1.052067
-0.656547
-1.412179
0.490650
0.613348
-0.824105
1.764001
-0.111594
0.667613
0.901404
1.811269
-0.016726
0.171570
0.428055
-1.350140
-0.391587
0.192403
-1.353772
0.150414
-0.664556
-0.257530
-0.905464
-1.156811
-1.330030
1.739309
-0.527759
-0.993970
1.834811
0.910471
-0.298890
-0.111311
-0.787758
-1.030842
1.196730
-0.667530
1.282371
-0.862223
0.151599
-0.484232
0.503510
-1.176220
0.279239
-0.866545
-0.028128
0.376383
0.210273
1.923227
-0.547470
-0.718862
-0.379750
-0.059456
0.604469
0.160594
0.045311
-0.586131
-0.890838
1.700796
-1.290870
-0.729399
0.847429
0.596604
1.419969
0.781466
-0.319826
0.080144
-0.021882
-1.356177
-1.670672
0.751786
0.995256
1.880010
-0.929368
0.592638
0.797822
-1.530966
0.317072
-0.701538
0.312173
-0.334689
0.814862
0.082492
-1.545175
-1.596854
0.024304
-0.782234
0.077388
-0.995456
-1.512483
0.170263
-0.376115
-0.102535
-1.265480
-1.533981
-0.367919
-0.150704
1.161217
1.106444
-0.851089
-0.466232
0.565224
-0.728613
1.304487
-1.459817
-0.638687
0.727188
-0.374145
-0.527167
1.653793
0.304578
-0.385309
-0.074305
-0.396701
0.553087
0.581519
-0.191418
0.503685
0.233161
0.503164
-0.824517
-0.215622
0.306828
-0.646504
-0.874759
0.906990
1.169879
-0.513997
-0.828052
-0.261891
-0.313964
-0.977998
-0.056831
0.839688
-0.705731
0.057473
-0.389393
-0.607624
0.034333
1.159300
0.743373
-1.668026
-0.329114
-0.635444
0.313816
-0.575818
-0.199956
-1.089653
0.173045
-0.445225
-1.652825
-0.221840
-0.645255
0.582130
-0.156605
1.672167
-1.312751
0.707841
-1.501559
-1.005673
0.620179
0.028623
1.365631
-0.452684
-0.006467
0.978838
-0.273226
1.020649
-0.628232
-0.111989
2.231945
0.917664
0.227108
0.792428
0.893644
0.561243
-0.696730
-1.078310
-1.359631
0.682038
-1.318876
0.542069
-1.398931
0.921773
1.003561
0.522771
-1.848265
0.233562
0.276388
-0.042910
-0.193995
0.811322
-1.620069
0.038278
0.762823
-0.431593
-1.186339
1.258943
0.476917
0.160573
-0.775333
0.116525
0.034172
0.725047
-0.034556
0.650526
-1.954599
-0.382155
0.905771
-0.025153
0.087682
-2.368192
-0.597536
-0.327386
-0.213896
-1.642769
1.154174
-0.647317
0.524120
0.356241
0.529366
-0.404640
-0.211154
0.398633
0.167691
-0.189045
-0.761058
-0.645263
0.133010
-0.281834
-1.556661
0.309398
-0.361558
1.141989
-0.689775
0.011433
0.220719
-1.107284
-0.042229
-0.700617
0.070658
0.420016
0.357943
-1.582228
-1.220459
0.130774
0.897851
-0.366729
-0.457614
-1.563877
0.109240
-0.422976
-0.047827
-0.425029
0.068035
1.741776
-1.186166
-1.020796
-0.689024
0.991233
1.082288
-0.749622
-0.679211
1.279118
0.096041
0.016264
-1.741082
-0.020415
-0.824351
1.522161
-1.329490
-0.902920
-0.828570
-0.802214
1.687253
-1.484102
-1.159649
0.297378
-0.269006
-0.920265
0.684361
2.477546
-0.008690
-0.604673
-0.128066
-0.841583
-0.187699
0.416862
1.341650
0.127846
-0.529474
0.704775
0.954245
0.519005
-0.842665
-0.714336
0.633738
0.379736
0.301495
-0.368659
-0.564525
1.070982
-0.651172
0.786070
-0.390170
-1.175871
1.387003
0.115872
-1.393680
0.736572
-0.444510
-0.718722
0.237591
0.293968
0.443088
-0.599952
1.870770
-0.074605
-1.076312
0.275819
0.417459
-1.025322
-1.594398
0.067614
-1.404126
-0.417871
1.647879
-2.036295
-0.819501
-0.006825
-0.789012
-0.677510
0.839276
1.744382
2.209560
1.756628
2.050447
-1.558255
-0.292669
-0.600335
-0.268989
-0.947183
0.794422
1.092086
2.020753
-0.400420
-1.229369
-0.013547
0.610628
-1.311009
-0.527783
-0.307091
-1.024344
2.431281
-0.262986
-2.140785
-0.184209
0.699255
1.091094
-0.832824
-1.877276
-1.764842
-1.457622
1.113564
-0.840724
0.140511
-2.122375
1.049009
0.505754
-0.246958
-0.084665
-0.206982
1.126154
-1.703292
0.305474
0.900422
0.280488
0.355836
-1.395737
-0.865747
0.037709
-0.138388
-1.616873
-0.179727
1.227836
0.405901
-0.949620
0.886748
2.095905
1.103782
-0.046337
-0.997169
-0.524386
0.819355
-0.510200
1.165228
1.103439
1.071478
-0.051900
1.241544
0.130837
0.507193
-0.568649
0.275372
-0.482199
-0.212412
-1.049851
2.777473
0.076234
-0.502356
0.936595
0.108429
-1.076136
-1.941018
-0.451466
-0.562103
-0.789327
1.135702
2.630816
1.192960
0.131662
-0.602709
-0.380597
0.275257
-0.959538
0.597085
-1.946585
-0.294675
0.123884
0.222324
0.061607
-0.089529
1.565715
0.654755
1.558545
0.717659
-0.851327
0.893225
-0.831637
0.120461
0.647675
0.418811
0.210453
1.021894
0.918271
-0.680545
1.373278
-0.204364
1.167698
-0.333445
-0.900470
0.397453
0.139433
-2.200049
-0.661496
-0.396981
-0.084872
-0.940415
1.391655
-2.074859
1.156125
-0.207562
1.676059
-1.494469
0.719575
1.272363
-0.496038
-0.243364
-0.325993
1.484119
1.505355
-0.124112
1.275820
0.841489
0.622285
0.423592
0.757540
2.268087
0.106940
-0.923975
1.246074
-1.050418
2.148649
0.974485
0.814260
-0.138108
0.373103
0.405380
0.791800
-1.467466
0.716637
-0.561004
0.649941
-2.293582
0.081070
1.014186
-1.239113
0.220044
0.236338
0.300152
-1.921270
2.376806
-1.589333
1.125493
-0.898048
-1.769590
0.211631
0.152366
0.018102
-0.628857
-0.570298
0.239075
1.039286
1.918880
-0.941042
0.923684
-1.155995
-0.368355
-0.026840
-0.218295
0.270906
0.349064
1.659483
-0.043061
-0.853619
-0.591164
-0.496823
-0.530544
-0.971290
-1.068681
0.286522
0.356123
1.308843
-0.529667
-0.407650
-0.977071
-2.317993
1.266983
1.200178
1.306337
-1.439197
-1.452434
1.687770
0.788759
-0.878776
-0.607381
-1.342327
-0.335771
-0.643504
-1.980014
0.413083
-0.740957
-1.144182
-1.611604
-2.484905
1.174447
0.510686
1.738694
0.788599
0.119565
1.915680
-1.414634
1.412511
-0.192482
-0.861754
0.954445
-0.881862
-1.541220
1.575269
0.740514
0.788482
-1.855122
2.094384
-0.786027
-0.276168
-1.443298
0.987832
-1.202966
-1.391626
0.955303
-0.815311
-0.166347
-2.087465
0.707029
0.398156
0.097006
-0.531646
0.038696
-0.577236
-1.323927
0.341581
-0.539837
-1.474917
-0.122777
-0.607859
-1.211190
-0.680687
0.354561
-1.630982
-1.904713
-0.672689
1.302109
-0.377439
-0.461443
1.842177
0.635371
1.849416
0.891235
0.241674
0.122095
-0.560451
0.329020
-2.273922
0.128109
-0.975406
0.271285
0.476868
-0.119907
0.670783
-0.266358
0.691183
-1.105197
-0.825767
0.372428
0.799450
-0.568881
0.411272
0.092164
1.331542
0.304204
-0.020067
0.770020
-1.059218
-0.897271
-0.249589
-1.503268
1.172834
0.091622
-0.884996
0.766736
-0.686269
-0.754817
-0.036759
1.886375
-0.029444
-0.139086
0.695440
-1.843168
1.717023
-1.154947
-0.333567
-1.215995
0.682771
1.068263
-0.902786
-0.769939
0.791907
-0.938281
-0.721283
1.423037
0.799637
-0.632867
-0.769832
0.031793
-0.348110
-1.927957
-0.636199
-0.642358
0.986928
-0.240704
-0.934414
1.174934
-0.704804
0.980838
1.089015
-0.402765
0.318811
0.687333
0.342033
1.229104
0.062203
-0.076973
1.424908
0.293964
1.798713
0.790372
-0.006530
0.163884
-0.772636
-0.241788
0.507696
1.753710
1.051948
0.146304
0.059598
0.873816
-0.311449
0.486692
-0.748973
-0.176162
-0.881749
0.995655
0.763172
-1.372382
-0.001792
-0.409892
0.643492
-0.358314
0.648630
-1.234663
-0.590416
-1.835160
-1.000418
-1.627628
0.669174
0.565609
1.133753
1.490264
0.709416
-1.002503
-0.489002
0.503197
-1.049759
-0.767641
0.365132
0.170469
-0.558626
2.530056
-1.225794
-1.298930
1.324443
1.963288
-1.139908
0.343481
-0.312197
0.102291
0.573383
0.804629
-0.445685
2.468742
1.927256
0.013103
-1.609202
0.070805
-0.130731
-0.060780
0.412410
-0.374397
0.744948
-1.333163
-0.408387
0.866467
-0.007674
0.022195
-0.353871
-0.485825
-1.028519
1.517300
-0.442301
-0.634333
1.685317
1.018332
-0.506552
1.519570
-0.756217
-0.459244
0.046151
1.542578
-1.441163
0.171559
-0.323270
0.580041
-0.663137
0.928673
0.086314
2.610413
1.053658
-0.139780
-0.493962
-0.447054
0.053843
-0.212675
0.262143
0.128722
0.058217
0.672910
-0.607224
0.945548
0.144456
1.149207
-0.593780
0.104152
-0.151650
-0.799752
-0.466911
0.930199
-0.463806
-0.153881
0.197754
-0.054319
1.469490
-0.405658
0.700860
0.322976
-0.215871
0.811603
-0.000735
-0.999110
1.505874
-0.198362
-0.109195
-0.286025
0.047130
0.454908
0.099771
-1.286457
1.153155
-0.849695
0.650267
-0.407511
1.320082
-1.226864
-1.756781
0.463717
1.821830
0.057466
0.926900
1.571802
0.041738
0.882615
1.818892
1.440537
0.043309
1.036817
1.648391
0.159119
-0.427618
0.739840
-1.490282
-0.229240
-0.050978
-1.970837
-0.239600
-2.958328
0.333335
1.063711
0.473734
-1.913360
-0.573184
3.066619
-0.195518
-0.068384
-0.269704
0.552237
-0.558391
-0.882874
-1.307883
-2.579168
-0.471884
0.143980
0.644534
-0.725491
0.531811
-0.150949
0.187226
-1.550439
1.109192
2.660975
-1.672557
0.619341
-0.026153
0.171011
0.991801
0.015030
-1.140596
-0.464303
-0.080188
0.263605
0.057624
-0.824711
0.605527
-0.432853
0.843305
-0.393469
-0.567659
0.099431
-2.116283
-0.667822
1.026600
-1.257166
0.025341
-1.000097
0.018529
1.257395
0.794604
0.342038
-0.023305
-0.287307
-0.878489
-1.247427
-0.230723
-1.949877
0.300719
-2.150253
-0.725767
-1.105705
0.751852
-0.289467
0.794492
1.339222
0.183079
-1.143655
0.178722
-0.572682
-0.785259
-0.924986
-0.817393
1.463110
-1.399585
-0.671972
-0.581472
1.633206
-0.769213
-0.520374
0.456679
-1.285857
-0.472328
1.936582
0.824622
1.592503
0.237508
-0.199475
-0.228867
0.127464
0.826717
0.295179
0.542392
-0.844289
2.503247
1.097045
0.312895
0.391757
-0.708999
-1.272650
-1.270647
0.105551
-0.020834
-0.042537
-0.033386
-0.646077
0.051963
-0.118846
-1.102928
0.116193
0.975260
-0.307225
-0.723603
-0.802676
-0.638895
-0.774230
1.437736
1.390980
0.152685
1.022369
-0.275901
0.916167
-0.655114
1.820792
0.095730
-1.367942
-0.366356
0.134679
0.579694
0.208633
-0.106458
0.763344
-0.460692
1.043832
3.999203
-0.742919
0.054047
-2.052483
-0.843618
-1.814472
0.547410
-1.966124
0.867513
1.073747
0.326586
0.754941
0.549835
1.549037
0.784741
-1.973220
1.267998
1.663039
-0.455593
0.028375
-0.052116
-0.382621
0.128225
-0.708035
-1.330135
-0.201603
1.264936
0.567530
-1.092817
-0.305338
1.403871
0.118915
-0.064289
-0.602474
-1.409640
-0.239128
1.607191
-0.092980
1.106194
-0.899901
1.786998
0.986062
-1.076566
-1.116424
-0.742271
0.536515
-0.350426
0.873200
0.256974
0.392063
-0.526242
0.455121
0.477233
1.329691
-1.041043
-0.659851
-0.159362
-0.482047
-0.581942
0.290503
0.292847
-0.786884
0.546691
-0.898110
-0.842089
-0.440466
-1.401781
1.840262
-0.227073
1.524407
-1.007691
-1.247343
-1.546783
-0.028499
0.217684
0.230764
-2.577594
2.341909
-1.548724
-0.406020
0.416712
1.470009
-0.243521
1.023206
-1.778758
0.665939
2.004721
0.425838
-0.799480
0.151797
1.130885
0.289382
-0.427176
-0.929555
-0.648527
0.037336
-0.178381
-1.326502
0.750175
-1.097051
1.821980
0.250935
0.749173
0.726004
-2.475201
0.116227
-0.006061
-0.256978
1.192477
1.114499
0.302634
0.502790
-0.563570
-0.095269
0.743011
0.413100
-0.181438
0.367692
-0.021621
-0.883513
-0.139871
0.715707
0.779279
-2.276783
-0.858456
0.164497
0.676730
0.185515
-1.897219
0.938182
-1.278664
-0.284024
-0.410324
0.518087
-1.334249
-1.376883
1.532294
0.651759
-1.124392
0.314131
-0.724431
0.222455
-0.103081
-0.617726
-0.665724
1.687043
2.145066
0.012003
-0.747520
0.411540
0.412989
0.514113
-0.705005
0.179467
2.639653
-0.220796
-1.656874
-1.405641
-0.368329
1.366975
-0.464087
-0.111898
1.127806
-0.094346
0.017018
0.162484
0.097018
0.266746
-0.728099
0.348525
0.057081
0.594627
0.528408
-1.295222
-1.836116
0.454788
-0.641366
-1.673039
1.329551
0.240762
0.894344
1.488468
-0.726621
-0.203357
-0.631836
-0.909729
0.524631
0.633370
0.696226
0.328779
-1.180477
0.741166
0.782762
-0.914850
0.995353
-0.951485
-0.057232
-0.805009
-0.065233
1.318127
-0.303147
-0.763987
1.191527
-0.217112
0.098073
0.868571
-1.068487
0.956857
0.823603
-1.273395
0.969088
-0.028940
-0.165368
-1.028848
1.504673
0.876037
-1.092446
0.675628
-0.301679
0.427242
0.310224
1.661924
-0.573355
-0.366413
1.478786
0.043934
-0.537073
0.569699
-0.858869
-0.556966
-1.123680
-0.840436
1.005204
-0.660331
-1.221112
0.209826
0.526890
-1.128033
-2.459369
-0.327244
0.270747
-0.420286
1.810409
-0.551999
0.109617
0.406122
-2.126474
-2.160060
-0.038845
-0.113558
-2.213845
-1.464093
0.459473
-1.755295
-0.809842
0.402263
1.997613
-0.553563
0.369844
1.037082
-1.481270
0.962957
1.712833
-0.545815
-1.254392
0.061526
0.229716
0.657318
-0.276693
-0.556775
-0.549805
0.095537
-0.364698
0.478102
-0.844158
0.076568
1.215812
1.059315
0.318404
-1.709894
1.959646
-0.489335
1.157267
-0.094952
0.407804
-0.453961
-0.094183
1.234987
-1.421441
-0.814631
1.177790
-0.960083
-1.723260
0.494747
-1.276625
0.387063
-1.703886
-1.134506
1.014945
-0.645053
-0.386495
-1.327157
-0.159883
0.937334
-0.578267
1.277482
-0.736761
-0.082956
-0.094105
1.084392
0.203012
-0.861432
0.072240
1.270431
-2.711302
1.191362
-0.103785
-0.499760
0.049107
-0.116832
1.412701
-0.032261
-0.155681
0.258651
0.332331
1.336368
0.268223
1.149229
0.156419
0.306035
-1.282469
-0.100325
1.534065
0.804515
-0.665889
1.753104
1.812996
0.345994
-0.606870
0.429195
-0.089494
1.513840
-0.107594
0.124304
0.042453
2.276991
0.898357
-0.067183
-0.258342
-0.758387
-0.145847
0.684614
-0.390666
1.660148
0.481669
1.335516
0.578770
0.521009
-0.391044
-0.128696
1.259270
-2.119162
-0.864110
0.345525
0.051288
0.606692
-0.276448
-1.360699
-0.102190
0.300042
0.425853
1.472235
-2.391294
0.453807
0.887122
-0.768029
0.631680
1.052470
-1.720369
-0.220001
-0.823044
1.323576
-0.647734
-2.230470
-0.901440
-1.532099
1.882101
1.511240
-0.095951
-0.246418
-0.473579
1.334673
-1.199119
1.772069
-0.775525
1.035808
0.673072
-0.602854
0.048599
-0.361747
0.602520
2.072824
-0.463257
1.510689
-1.646394
-0.190120
0.716588
0.210298
-3.025692
-0.601638
-0.769288
1.251178
-1.667871
0.085486
0.017648
0.099688
-0.613118
-0.468418
1.270795
-0.587794
-0.315257
1.458332
-0.092039
-0.435331
-0.885658
-0.917044
-1.221482
-1.619256
-0.322156
-0.107911
0.220026
0.860129
-0.385895
-0.269623
-0.792704
0.434588
0.809193
0.332831
-0.213912
-0.584154
-0.251991
0.985177
-0.054203
1.117373
0.909541
-0.238281
-1.543177
-0.664290
0.501190
-2.265797
1.540940
-1.656749
-0.949531
-1.117772
-0.192936
0.551518
1.580637
0.499994
2.185699
0.639936
1.638635
-0.721786
-0.644560
0.763473
-1.083121
-0.515869
-0.519812
0.943073
1.247187
-0.884361
0.627797
0.311559
0.268005
-1.110062
0.221026
0.576129
-1.847364
0.085191
-0.253640
2.301952
1.004142
0.347943
1.775645
-0.271030
0.546104
0.068820
0.527014
-0.422185
-0.843172
-0.013891
0.435120
-0.404152
-0.470176
-0.330481
-1.564686
0.337903
0.907103
0.260637
0.306761
0.126499
-0.550146
0.475777
0.971918
0.709993
0.373333
0.704178
1.158121
1.207508
-0.609523
0.767594
-0.177717
0.964876
1.098697
-0.272769
-1.120612
-0.521200
1.545146
-0.471572
0.189449
0.068738
2.536239
-1.097023
0.524261
2.942915
0.125601
-0.234947
-0.013402
-0.906504
-0.189965
-0.072998
1.403676
-0.104647
-0.375850
0.036760
-1.580717
-2.471562
-1.710070
0.773828
1.106018
-1.115884
-0.364555
-0.437017
0.438438
1.038198
0.332659
0.096260
0.052328
-1.270141
0.039779
-0.235301
1.116891
0.462309
0.423959
-1.150852
-1.600414
-0.188885
2.034316
0.721421
0.703706
0.137048
-0.548875
2.368375
1.551953
-1.489889
2.121652
1.665505
-0.588058
0.311579
-2.187285
-0.561668
0.308451
-0.448249
0.383996
-2.868004
0.332744
-1.624214
0.340355
1.063985
-0.786688
-0.362468
-0.958642
-0.646329
-0.840398
-2.732689
0.349093
0.165809
0.471323
0.073137
-0.959817
-0.192992
1.277483
0.362565
1.522941
-0.393240
0.212175
1.462175
0.571483
-0.931442
0.753570
0.606930
-1.190799
0.647044
1.227506
-0.153520
0.237941
-1.703184
-0.490433
1.513914
1.135254
0.014169
-0.041059
-1.529945
1.155633
-1.846613
-0.629405
0.705640
0.239966
0.308114
0.788034
-0.344393
-0.628622
0.255481
0.040632
0.316857
0.651151
0.143903
-0.667239
0.143018
-0.490505
0.857842
-0.886441
-0.993601
-0.020508
-1.228092
0.284804
0.639606
0.220363
-0.840082
-0.109796
-0.848549
-0.131863
1.226247
-0.647210
-0.528154
0.738199
-1.317876
-0.254043
-1.764356
0.241383
0.814794
0.279917
-0.252054
1.182491
-0.897207
0.434237
0.677446
0.777353
0.554644
-0.274179
1.290908
2.027847
-1.669759
0.921039
-0.409734
-1.398255
-0.780086
-2.270420
0.838410
0.622738
-0.994171
-1.416865
0.000609
-2.869053
-0.898705
-0.963195
0.144776
-0.535609
0.609329
0.581669
2.268510
-0.852680
-1.465312
-0.344033
-0.245466
-0.219706
-0.303856
0.464261
1.395353
-1.254312
-0.868949
-0.288965
-0.556192
0.324697
-0.055021
-0.740102
-0.129868
1.263411
2.194420
0.249850
0.527276
0.316140
0.199789
-0.490678
-0.451052
-1.216280
-0.638692
-0.011481
-0.545586
0.471659
1.622749
-0.629812
-0.042249
0.445651
1.911841
-1.337068
0.014034
-0.389742
-0.151162
-0.653854
-0.202226
-0.888766
0.653804
1.522463
0.312658
-0.761209
0.021836
0.736663
-1.589579
1.599360
-0.640643
0.134399
0.639681
1.330164
0.104838
-1.276369
-1.549289
0.926182
0.881742
2.681770
1.045529
-0.267281
0.527956
-2.986752
-1.880725
-0.541156
1.790125
-0.642302
-0.554284
-0.997497
0.552942
-0.144779
0.557485
-1.109174
0.825197
0.384351
2.152105
2.301914
-1.495720
-0.351896
-0.194221
-1.479762
1.435732
0.694410
0.763751
1.827489
-1.083180
-0.019765
0.294700
1.621268
0.284995
0.117489
0.961825
-1.581886
0.361027
-0.126997
0.307565
-0.393469
1.672965
1.370790
-0.707280
-0.940610
-0.094492
-2.396376
-1.550994
-0.813580
-0.416534
-1.166466
1.234761
0.062001
0.847677
2.189762
1.678333
0.236628
0.157774
-0.310954
-0.930163
-0.243050
-0.585682
1.177845
-1.818733
-0.573889
0.374142
-0.040997
0.381135
0.606608
-0.510329
-0.085612
0.712961
-1.015255
-0.168310
2.004531
-1.843878
0.812906
-0.145403
0.477825
-0.152220
1.153310
-0.057488
0.461518
1.609744
0.292218
-0.125715
-1.692270
0.981884
-0.784937
1.272439
-0.016703
0.861203
-0.039933
-0.100184
0.414080
0.581891
0.629138
-0.109896
-0.162432
1.059085
-1.076816
-0.565990
-0.340242
-1.725335
0.162302
-0.147655
0.631385
-1.420540
-0.251654
-0.211472
0.295371
1.932223
0.244315
0.973302
0.447513
0.118641
0.264329
0.421948
0.066167
-0.114870
-0.204656
-0.502708
-1.152922
-1.839339
0.274723
1.343554
-1.351069
2.192968
-1.053414
0.400149
-2.217418
0.742897
-0.264524
-0.149638
0.166476
-0.846015
0.838192
0.286548
1.519800
2.176294
1.057309
-1.713212
1.321910
0.165071
-0.981993
0.408321
-0.349543
0.172510
-0.337755
1.000412
-0.376324
-0.754521
-0.541747
0.844628
0.032949
0.066330
-1.396241
-0.567920
-0.428677
0.374875
-0.176618
1.861831
-0.376068
-0.754281
0.118424
-2.095169
0.313817
0.302117
0.285339
-1.537800
0.106406
-0.656622
-0.358779
-0.580036
0.627903
-1.742870
-0.383357
-0.555368
-0.973740
-0.393715
0.137297
-0.498424
0.610067
0.424388
-0.316385
0.253826
-0.205615
0.534958
1.011750
-0.864113
2.236879
-0.691577
0.877687
0.109833
-1.029919
-0.512767
-0.809624
0.028007
0.237535
1.053671
0.830740
-0.334511
0.294812
0.405882
1.295120
-0.585282
0.099175
-0.702337
0.857692
-0.155885
0.870728
-1.093181
-0.094449
-1.179383
-0.105165
-1.415368
0.519418
0.650600
0.698296
0.440638
0.906820
0.691899
-0.455386
1.454691
-0.446722
2.092350
-1.197115
-0.365465
-0.758111
-1.039310
0.683914
1.120443
1.703819
1.802223
-1.022766
1.105187
-0.353072
1.219439
0.328664
-0.959492
0.696775
-0.870848
0.162491
1.125079
-1.643733
-0.895003
-0.621073
1.541094
-1.486704
-0.085065
-0.355614
0.939250
1.322498
-0.479805
1.754338
0.160290
-0.641190
-1.024513
0.360872
1.135520
-0.098082
1.519023
-0.361838
1.288056
0.319524
-0.431688
0.319743
-1.025825
0.080896
0.825058
-1.056044
0.473228
-0.271768
-0.641667
0.425031
0.136438
0.074461
-1.004046
0.666049
-0.264338
-0.717136
0.108715
0.308637
0.052289
0.098787
-0.602740
-0.940766
1.726874
-0.951850
-1.020260
0.759685
0.722292
-1.843252
-0.419740
-1.168717
-0.063612
-0.357410
-0.012449
0.606668
0.371587
-1.140784
-1.436816
-1.042044
-1.122811
-0.087905
0.887236
0.025561
-0.606116
-0.033229
-1.437533
1.030965
-0.391029
-0.739502
0.949925
-0.825989
0.398764
0.140136
-0.799259
-0.838666
0.618547
-0.565333
-0.796939
-0.366342
-0.597859
0.240723
-0.605050
0.726669
-0.710297
1.776921
-1.190424
-0.969136
-2.357896
0.355399
0.157912
-0.853360
0.038939
0.789062
0.403053
0.286945
1.385281
0.200356
0.400059
-1.400395
1.640734
-1.187880
-0.963433
0.546920
-1.550701
0.748447
-1.158990
1.072353
-0.114721
-0.128272
1.168005
-0.165144
0.593119
0.576424
0.671742
-0.779839
-0.175796
1.651510
1.167261
-1.580000
-0.605816
-0.148109
-0.421830
-1.756833
1.199676
-0.142031
0.272118
0.583887
-0.161618
0.277278
-0.050547
0.438194
0.485610
0.399497
-0.267208
-0.436199
0.949058
-0.067933
1.265076
1.275632
-0.559893
0.706221
0.191297
-0.188530
0.580586
0.325810
0.679742
-1.951838
0.469310
0.150686
0.605295
0.929634
-1.334746
-0.641093
1.776967
-0.736839
0.882675
-1.012949
1.823217
2.106725
0.106101
-0.088323
-0.597126
-0.235206
0.326047
2.005939
-0.039467
0.561246
-0.466015
-1.884364
-0.737938
-0.615142
-0.943118
-0.022172
-0.217060
0.332594
0.156549
-1.905341
1.824708
-1.456988
-0.508045
-0.116776
1.427907
-0.746694
-0.702730
-0.453893
-0.002580
0.749367
-0.401000
-0.199628
-0.091648
-1.019788
-1.088884
-0.897354
-0.114412
-0.498500
0.539107
0.653747
-1.402556
0.527824
0.330941
-1.217304
-0.105477
-0.598597
-0.502374
-0.091154
0.513279
1.796162
-0.376089
0.458513
-0.110799
-2.040390
1.536517
-1.247472
-0.931621
-2.330935
0.910053
-0.968268
-0.106925
-2.303234
-0.028437
-0.823203
-0.944942
0.602563
0.171730
-1.149120
0.856867
0.892733
1.643474
0.582154
-0.575284
1.177057
0.016164
-0.611590
-0.814164
-1.091760
0.823690
-1.228209
0.377563
1.355860
-0.597882
-0.259637
-1.393876
-0.654395
1.266844
-0.759104
-0.404284
0.419324
0.447287
-0.558177
-0.168670
0.166969
0.661450
0.066722
1.064274
0.736560
-1.649747
2.159441
1.936654
0.527829
-0.357360
1.375648
0.605417
-0.158351
1.283043
0.889185
-2.405695
0.140034
0.357462
-2.815389
0.762255
-1.241679
-0.314720
0.460908
0.487174
-0.746106
-0.284077
1.434575
1.818394
-0.278595
-0.424691
-1.445066
-0.155604
-0.420901
-0.828523
0.174002
-0.182676
-0.244630
-0.399376
0.708286
1.935576
-1.280893
-0.673794
1.111359
1.189087
-1.641794
-1.133669
-0.089973
-0.148891
-0.371494
0.287871
0.450578
-0.560818
0.684588
-1.861391
0.912419
0.646100
-0.295014
1.385387
1.002955
-0.404140
-1.317186
1.831392
1.396643
-0.338292
-0.310127
1.064765
-0.542894
-1.174672
-0.251825
-2.276669
-0.248414
-0.640725
1.009620
-0.036161
-1.755228
0.765636
-0.936467
0.991702
0.779985
1.351166
0.315553
0.715373
-0.706777
1.693507
0.676775
-0.750425
1.379498
1.066731
0.157417
-1.495922
0.033968
0.050091
1.085182
-0.246435
-1.294597
0.339418
0.355935
-1.624036
-0.389730
-0.295284
-1.306040
2.350453
0.272732
-0.482376
1.035909
-1.241396
-1.227765
-1.665364
-2.463369
-1.147339
-0.424278
-0.974333
1.172098
0.103759
0.541390
-0.783986
-0.752264
-1.015740
1.900795
-0.518396
-1.272841
1.097813
1.693330
-0.078414
1.223472
-0.800647
0.129719
0.969879
-0.532713
-0.481888
-0.314509
-0.921795
0.032248
0.595095
-2.091741
-1.909720
1.539578
-0.098015
-1.757661
-1.373461
0.189276
-0.396919
0.445030
1.052230
-0.754833
0.491682
-0.818756
-0.348626
0.512580
0.501874
-0.180048
-0.768786
0.614913
-0.996028
0.488090
0.234544
-1.075210
1.311500
1.212951
2.025274
-0.524537
-0.487832
0.529572
-2.245926
0.411677
2.028665
0.517989
0.580136
-0.639419
-0.229382
0.823306
-0.980379
-0.407684
-0.087416
-1.527742
0.864697
0.226093
1.387730
-0.020687
0.713737
-0.584760
0.825191
1.068095
0.766390
1.403661
-0.404447
0.834683
-0.285013
0.471072
-1.090698
-1.514922
-0.494600
0.565663
0.924093
0.659225
0.752753
0.140595
-0.832723
0.263773
0.476146
1.353846
1.627704
0.253678
-0.404301
-0.648037
0.026589
-0.057380
0.750122
1.079230
-1.465063
0.077978
0.170677
-0.151337
1.325082
-0.200080
-0.634073
-1.448605
0.021267
-1.074268
0.844122
-0.606945
-1.766343
-0.179957
0.885494
0.400461
0.334269
1.216237
1.288946
0.144372
0.534600
1.033245
1.940962
0.219846
-1.537929
-1.592686
-0.302142
-1.101356
-0.441518
0.387756
0.507834
2.266069
3.070090
-1.200553
-0.682654
0.751847
1.256701
0.522147
0.001842
-2.506238
0.339625
2.427286
0.351077
-0.915968
-0.425121
-1.190536
0.720674
0.255671
-0.513021
0.251897
-0.523931
-2.386799
-0.435055
-0.681842
0.181011
0.317142
-1.835198
-0.940725
-0.504766
-1.204932
-1.059026
0.004930
1.120806
0.680386
-0.327922
1.177947
-1.731572
-0.294601
0.272569
-0.262784
0.304388
-0.177875
-0.786475
-1.030457
0.941996
0.492620
-0.619848
-2.583614
-0.397961
0.284256
-0.308142
-1.009227
-0.762451
-1.305915
0.543978
-0.708175
-0.818237
-0.188717
0.316022
-0.658921
-1.192037
-0.511502
-0.700651
-0.674041
0.274825
-0.078341
0.141307
-0.305547
2.523546
-0.437163
-0.942457
-0.324349
-1.198147
-0.706510
-1.499685
0.473076
-0.410895
0.591671
-1.167480
-0.950061
1.948758
-0.432343
0.506999
-0.578423
-0.878412
-0.676576
-0.242508
-1.157777
0.189663
-1.302367
0.762256
0.812002
0.782422
0.531345
1.416184
0.991678
0.449825
1.435502
1.411958
0.093630
-0.756106
-0.814405
0.487363
-0.908005
1.064460
-0.516097
0.545690
1.105890
-0.017756
0.093766
1.673287
0.606408
-1.717101
0.572770
-0.249084
-0.545011
-0.383367
-0.566608
0.065081
1.375938
-0.087952
0.813887
-0.571506
-1.076626
1.195145
0.145841
0.390416
-0.294219
-0.842618
0.205674
-1.225401
-0.355342
0.090558
-0.338797
1.378352
1.416510
-0.196973
-0.319127
0.627120
0.807419
-0.244010
1.977373
-1.251156
-0.236479
-0.112647
-0.271199
-0.234332
-1.255300
1.056722
0.325752
0.567743
-0.786783
1.135294
1.581683
-0.754268
-0.030393
1.159685
-0.431844
0.366783
0.754562
-1.196867
-0.608362
0.598746
-0.795928
1.812999
-1.246197
1.205594
0.455553
0.728147
0.488029
-1.091291
0.627548
-0.391103
0.318781
0.523529
1.609353
1.261792
-0.045231
-0.259224
0.473413
-0.479470
0.486167
1.850949
-0.254491
-0.439524
-1.563143
-0.467766
-0.983227
-0.456158
-0.046435
-0.409034
-0.193678
0.392525
-1.876685
0.236680
-1.194530
0.177851
0.590863
-1.358222
-1.062478
1.173795
0.431307
-1.502032
-0.211035
-0.329680
0.765865
-0.676343
0.805901
0.588938
-0.771935
0.875229
-0.388160
-0.783042
0.920321
-0.442802
1.119179
0.055367
0.149689
1.374699
-0.483658
-0.242463
-0.467838
0.488469
0.054149
-0.387777
0.354836
0.695241
-1.390229
-0.115676
1.075319
2.217860
2.580795
0.639029
-1.125575
0.677135
-0.930143
-1.696872
-0.293937
1.038888
1.285503
-0.573444
-0.886667
0.854075
1.323903
-1.176643
0.407353
-1.581625
2.567512
1.449148
-0.095171
-1.277399
-0.039844
-0.254189
-0.044648
3.314724
-0.680301
-0.156487
-1.574685
0.309359
-1.263751
0.959382
-1.311580
0.929095
-0.139518
0.103226
0.520107
1.350734
-1.396838
1.073383
-0.490648
-0.986972
0.240036
1.319500
0.570804
-0.421811
-0.268273
2.806651
-0.539697
0.379150
0.727077
-1.255500
0.659583
0.322527
1.141895
-0.335892
0.428915
-1.326650
0.434658
-0.325080
-0.142463
1.528415
0.986867
-0.635138
-0.453569
0.378930
-0.019054
0.341231
0.435640
0.048533
-0.504853
-0.515865
0.164100
-0.347912
-1.505128
-0.066928
0.371886
-0.597942
-0.187604
-1.522512
0.040478
0.984619
0.564380
1.294489
1.424947
1.091150
2.342491
0.309981
0.756451
1.038446
-0.188120
0.966125
0.677623
-0.057636
-1.147413
0.282663
-0.943008
-1.164362
-0.441612
-1.062877
0.243478
0.037907
1.995666
-0.146481
0.104465
2.585544
0.697332
-0.046734
0.661680
-0.389994
1.886029
-0.327471
-0.157815
0.441965
-0.751854
0.809929
1.032562
1.723405
0.731653
-0.137252
-0.470728
-0.137005
-0.638828
-1.013405
0.840456
-0.532232
-0.704478
2.701357
-0.023810
1.270782
0.709255
1.580693
0.329074
1.604764
0.213411
-0.441512
-2.298726
2.121144
-0.076300
0.657604
-0.461403
0.391005
-0.140895
0.950705
-1.888821
0.674468
0.196268
-0.663525
-1.721794
0.777572
-0.306254
-2.134431
-1.583527
0.297517
1.197990
0.283778
-0.104392
-0.089860
-1.139280
-0.223494
1.146321
0.739659
-0.667267
0.287500
-0.085291
-0.857223
0.677110
-0.282690
-0.418007
0.672509
-1.087832
-0.863781
-1.760977
1.024618
-1.830598
-0.082913
1.429971
0.482123
0.146366
0.571258
-0.002281
0.333512
1.073974
0.607994
-0.560470
0.804161
1.646247
0.469300
0.410221
0.899091
-0.095221
-0.652647
0.694577
0.008380
0.423664
-0.398151
-0.661742
0.820402
-1.523810
-0.273427
-1.836003
-0.409129
0.768828
-0.131078
0.122424
0.423628
-0.987588
-0.248623
0.183159
-1.422125
2.078984
1.371513
-1.296977
-0.423408
-0.141093
0.874244
0.536375
-2.343737
0.215584
1.315467
-0.253422
0.450076
0.471930
2.040839
-1.675370
0.788387
-0.138788
0.610102
-0.664653
1.860020
0.227199
-1.081078
1.243461
-0.482841
-1.118867
0.362535
-1.206043
-1.260250
-1.746799
0.080563
-1.194774
0.199711
1.135419
0.180398
-0.003935
-0.854077
2.706398
0.677510
0.165886
1.179514
0.886908
0.028037
1.338073
-2.264357
-1.802607
-1.361486
1.715177
-1.501549
-1.180399
0.541379
0.230624
-0.129105
-0.759879
-0.966703
-1.051351
-0.959112
-0.352661
-1.570043
-1.782378
0.067376
-0.840689
0.348301
-0.150790
0.518008
0.325903
0.671478
1.897904
0.502011
-1.155535
1.735699
-0.114531
-1.049358
0.322944
0.964292
0.475532
1.076994
0.390333
1.524749
0.224624
0.780750
-0.618538
-1.625588
-0.031982
-0.115471
0.591687
0.009594
-0.690525
-0.227033
-0.181181
-0.352177
-1.840874
-0.937361
0.327375
0.165375
0.827266
-0.354118
-1.332403
2.386413
0.133620
0.708132
-0.911863
0.119534
-0.448399
2.174142
0.786509
0.220079
0.698588
-0.723010
0.101710
0.534390
-0.128780
-1.029288
0.146047
-0.558126
-2.197257
0.475447
0.843770
0.779916
-0.945239
-0.363925
-0.951123
-0.110352
0.414184
-0.978971
1.158540
-1.691923
0.798572
-0.833294
0.297346
-0.280860
0.487337
0.217932
-1.160630
0.555847
-1.844451
0.390648
0.106358
1.336082
-0.741299
0.504579
0.512620
1.982288
-0.630123
0.024779
-0.020591
-1.332352
0.340389
-0.819047
-0.676096
-0.739524
-1.141578
0.994723
-0.196190
0.851132
0.486919
1.355789
1.273858
-1.993881
-0.263633
-0.322561
-0.636182
1.997634
-1.090680
1.303588
-0.569894
-0.272443
-0.406407
0.159312
-0.862196
-0.551940
-0.334931
-0.948442
-0.670226
-1.257248
0.563789
1.062994
0.115832
-0.663767
1.237275
1.180117
-1.914179
-0.722030
0.695970
0.354497
-0.294109
1.380529
-0.068227
0.979886
1.827880
-0.692255
0.030986
2.013723
0.026291
0.408807
-0.170785
-0.965869
-0.768835
-0.262059
-0.433083
1.092988
-1.321122
1.593610
0.521653
-0.896103
1.488931
-1.053667
0.118078
-0.553897
-0.872577
-0.685323
-0.024022
-0.094609
0.752567
0.318952
0.292082
0.641961
-1.421510
0.838543
0.181182
0.461924
0.402194
-0.485277
-0.077168
0.559624
-0.082422
0.346545
-2.684727
-0.916104
0.418726
0.561249
-0.647746
-1.688315
0.122141
-0.124513
-0.622473
1.409287
-0.164130
-0.410963
0.790230
0.896178
-0.182905
-0.236347
-0.657768
-0.515718
0.134060
-0.919845
0.547268
1.653943
0.584859
-0.221478
-0.455689
-1.188000
-0.687666
-0.622650
-1.774573
-0.040611
-1.563487
-1.452661
-0.254492
2.087620
1.351437
-0.424725
-0.100599
-0.332250
0.486301
-1.584823
-0.390225
0.991987
1.402119
-1.104364
-1.269691
0.109397
-1.804021
1.008580
0.367638
1.357478
-0.586428
-0.255452
-1.950357
-0.862927
0.255051
1.872156
0.168109
-0.126442
0.648025
-1.791678
1.710426
0.671047
-0.504181
0.197402
0.062469
0.233546
-1.395450
1.730590
0.239658
0.330516
0.925988
-0.698100
-1.076582
0.952217
0.343739
0.944003
1.614061
0.130872
0.486629
0.762668
-0.658281
0.338806
-0.865935
1.255917
-1.467769
0.976598
1.370539
0.475710
-0.030947
0.331334
0.145054
2.282196
-0.530600
0.752052
1.075539
-0.918705
0.282578
0.882297
-1.491817
0.563366
0.065014
-0.217784
0.158422
-0.603919
-0.397709
0.734036
-0.379254
-0.478233
-0.097632
0.078268
0.538070
0.210024
0.275800
-1.054706
0.216213
0.314700
-1.059285
0.421072
1.051146
-1.225226
-0.120889
0.224292
0.284220
0.989792
-1.519752
-0.323808
-0.497619
0.332485
-0.083050
-0.593624
2.001307
-1.639676
-1.369697
2.181162
-1.047649
1.193084
-0.386485
0.140848
0.590817
0.675272
0.932759
0.069135
-0.021820
1.223062
-0.243285
-0.954366
-0.453343
-0.630131
-0.296150
1.635717
1.437425
0.727902
-0.511247
-0.380545
-0.701628
0.485812
-0.155938
0.030091
-0.292823
0.444886
-0.329669
-0.217533
-1.111338
0.787582
-0.531770
0.192944
-0.951054
1.128022
-0.675654
-0.344167
0.209363
-0.244719
-0.412362
0.455375
0.071896
-0.614766
1.243907
0.470514
-0.964296
-0.234176
0.664017
0.115882
-1.432890
0.343164
-2.519909
0.177008
1.745075
1.218733
0.712609
0.553540
-1.698428
-0.921050
-0.144181
-2.220984
0.624439
0.662943
1.483543
-0.390003
0.760873
-0.542074
-0.526422
1.387487
-0.842614
-0.195184
-0.505898
-1.695081
0.731752
-1.271662
-0.141860
0.152679
1.065027
0.320333
0.015802
0.104168
0.173431
0.201243
-1.147897
0.336761
1.381490
0.143125
-0.222189
-0.507778
-1.058541
-3.102139
0.074185
0.382259
0.655237
0.002993
0.536801
-1.416140
0.930639
-1.547561
0.473065
0.712601
-1.555286
-0.738900
-0.910518
-2.208304
-1.563590
-0.231481
0.674296
-0.764374
-0.324313
1.280033
0.426092
0.646547
0.787371
0.122282
-0.572622
0.108607
-0.927765
-0.414799
1.019498
-0.805412
1.028071
-0.309220
-0.378694
1.152555
-0.292756
1.576487
2.009555
-0.020269
0.738431
-0.432614
-0.303145
1.229767
-0.113963
-0.353705
0.272759
-1.212880
-0.212445
-1.265761
-0.814103
-0.920785
-0.326650
-0.958572
-1.673979
-0.415442
-0.112369
-1.207682
1.015254
-0.930118
0.556193
2.404250
-0.132951
0.005121
1.251960
-1.138301
-0.689713
-0.787620
-0.100696
1.725361
-0.819148
0.414893
-0.705543
-0.729600
-0.319725
-0.797339
-0.771419
0.856532
0.198657
-0.507108
0.264897
-0.320134
1.803426
-1.610361
0.871251
0.777791
0.640208
0.418019
0.825398
-0.417500
-1.216012
-0.860234
0.420445
-2.793080
-0.886990
0.403211
-1.537983
-1.638440
1.555693
1.140544
0.140167
0.501218
-1.916402
1.131226
-1.748824
-0.117095
0.216821
-0.961162
-0.279908
-0.819721
-2.107467
-0.543504
0.603680
-0.584200
0.441172
-0.797042
0.402924
0.911578
-0.579888
0.504376
0.416401
1.518940
1.241138
0.400075
0.734710
-0.002393
-1.001461
0.164263
-0.471857
0.815060
-0.720361
-0.490646
-0.049367
-0.782605
-0.636155
0.331428
-1.292852
-0.459898
1.146478
0.442301
-0.625434
-0.579384
1.274151
-1.859187
-0.555243
-0.005652
0.374549
0.239892
0.313009
-1.052185
0.808423
0.825689
-1.030592
0.687712
-0.240123
-0.016224
-1.892605
0.353372
0.405728
0.522367
-0.605317
1.888009
0.129565
-0.758582
1.349191
-0.640614
0.342872
0.652152
0.246305
0.192732
-0.348435
0.802100
1.933846
1.377563
-0.278376
-0.761677
-0.424683
-0.484784
0.473349
0.115216
0.323438
-0.012076
1.906010
0.780958
-0.162956
-0.120152
-0.667628
1.337707
-1.294276
-0.689319
0.411382
1.303894
-0.571486
0.986734
-1.272804
0.289170
-0.952529
-1.111739
-0.480005
0.242777
0.482652
-0.156858
-0.389602
-0.495819
-0.799080
0.044071
-1.580674
0.947569
0.497278
0.503809
-1.547596
1.068010
0.995238
0.516382
0.596627
-0.961411
1.239665
1.063470
0.535265
-0.711852
-0.801825
-0.168417
-0.002922
0.751382
-0.713668
-1.252657
-0.446223
-0.685034
-0.405267
1.163847
-0.618915
0.647666
-0.661133
0.474117
-0.392322
-0.641083
0.278509
1.192558
0.234766
0.507098
-0.846973
0.035503
1.262394
0.448491
2.468051
-0.925054
-0.531531
-0.297114
1.352362
-0.121166
-0.460988
0.548642
0.057906
-1.512869
-0.260388
1.150209
0.232753
-0.698433
-0.232861
-0.960916
-0.729308
-0.293229
0.552457
-0.789541
0.834137
-0.863108
2.718350
-0.032725
-0.157762
-0.299483
-1.874943
-1.218482
0.287830
0.750601
-0.038678
-0.592664
0.703098
-0.748545
0.300698
-0.519277
-0.561830
0.538595
-1.064831
1.107173
-0.110399
2.018704
0.016342
0.362278
0.229133
0.033809
0.293574
1.159990
-1.119971
-0.890949
-0.781765
1.071615
0.153242
0.081385
-0.918207
0.148275
-1.127663
-1.288918
0.407980
0.320866
-1.534010
1.225089
-0.486152
2.199232
0.866174
-0.805430
1.566519
-0.554258
-1.105567
0.166175
-1.539398
-0.416382
-0.122492
2.233473
-0.673226
-0.506053
-0.023015
-0.603468
0.597321
1.721074
1.197987
-0.160203
-0.211768
1.512201
0.619977
-1.168169
0.738019
-0.919184
-0.033344
0.113397
0.563842
0.014010
0.272045
-0.267213
-1.913023
1.954999
-0.302844
0.561883
2.688318
0.613495
-1.481404
1.128123
0.541096
0.004379
-1.518973
1.308765
0.158598
0.749343
-0.763998
1.805024
-0.388841
-1.019511
-0.180409
-0.647277
0.237511
-2.160884
0.086622
-0.208155
0.172894
-0.388328
-0.331073
0.400918
0.341327
0.578220
-0.585587
0.968917
0.644969
-0.290241
0.672437
-0.417355
-0.504706
-1.386560
0.118860
1.027386
0.436240
-1.170197
-0.608852
0.384888
-0.750702
0.178426
-0.241464
1.086644
0.718375
1.515482
-1.984608
-1.108377
0.890840
-0.095211
1.056110
-0.957654
-0.059405
0.580372
-0.421717
0.760283
0.654926
-1.109567
1.630647
-0.291980
0.703393
-0.206983
1.360259
-0.459848
1.916711
-0.393638
0.804197
-0.589743
-0.600558
-1.133898
-0.290999
0.295692
-1.654287
0.271839
3.190075
0.838253
1.799331
-0.416538
-0.508149
1.082700
-0.168971
-0.809391
-0.625542
-0.509017
1.134650
-0.528183
0.622562
0.865517
-0.618808
-1.244053
-0.351847
0.986016
-0.228876
-0.054676
2.220854
-1.920305
-0.251904
-0.479741
1.756066
-1.666567
-0.050666
-1.289449
2.007873
-0.769977
0.821231
0.346323
-0.885298
0.412439
-0.778454
0.205299
-0.517747
-1.196597
0.381133
0.596939
-0.321829
0.368787
2.091401
0.501960
0.425163
-0.463942
0.011316
-0.056515
-1.540471
1.907253
-0.499933
-2.574982
-0.200217
-1.624150
-1.198087
-1.376089
-0.005151
1.142180
-1.762880
-0.110429
-0.229319
0.082487
-0.126634
0.146035
1.989348
-0.168087
-1.020080
0.874501
0.849226
-0.990112
0.199221
-3.090781
-0.495878
0.062820
0.362118
-1.692638
-1.321578
-2.799132
-0.504385
-0.620499
-1.013863
-1.075977
-0.753198
-0.546738
1.219456
1.965193
-1.027139
0.908877
1.566076
1.646717
1.005246
2.248833
-1.308977
-0.139701
-0.801638
0.100262
0.524762
0.145128
-0.336569
0.412076
-0.145770
-0.189625
-1.368182
-0.156032
-0.421716
-0.658049
0.774036
-0.321003
0.501722
0.181507
0.449197
-1.191640
0.472232
1.025946
-1.733239
-2.537445
2.217404
0.637306
0.441933
0.209086
0.732591
0.257916
-1.429210
-0.679740
-0.109045
-1.387443
-0.346813
0.112512
-0.034945
-1.778806
-0.399934
-1.365809
0.216172
1.783541
1.591657
-0.568820
0.743042
0.474101
0.920618
-2.385595
-0.721066
0.911645
0.024932
-1.002457
1.513577
-0.325887
1.099333
0.537279
-1.283650
-0.350796
0.512583
-0.198067
-0.026819
0.012049
-1.540671
0.401342
-1.846034
-1.840245
-0.886772
-0.592197
-0.944167
0.832452
-2.985355
0.563763
0.623264
-1.128113
-0.383435
-0.463214
0.931800
0.334609
-0.507702
-1.815368
0.018292
-0.740309
1.483538
0.342302
-0.596917
-0.082118
-0.268424
-0.266661
0.340961
-0.643361
-0.473620
0.119385
-0.955082
-0.339148
1.391717
0.452464
0.606875
-0.122720
-0.384209
0.374032
1.128525
-0.016334
-0.337622
0.377010
0.812708
0.841418
1.909126
1.344815
-0.221464
1.397987
0.141059
-0.513722
0.288295
-1.106707
2.062648
0.105528
0.034935
0.978994
1.447369
0.475769
-1.066824
-0.602729
-0.413346
-0.564412
-0.047071
0.026621
0.578729
1.013079
0.234979
1.098698
-1.488746
-0.743514
1.079424
0.084426
0.804560
0.189383
1.270679
1.248496
1.083356
-0.863508
1.614225
-0.335672
0.208214
0.687558
0.498145
-1.175606
1.139762
-0.125002
-1.683321
1.155904
0.307835
0.397974
-0.898543
0.786189
-0.214404
0.724316
-0.713983
0.072471
0.487641
-0.857535
-0.722807
0.685762
0.042465
0.047442
0.325078
-0.765525
-0.433316
0.987550
0.625925
-1.004254
1.568312
-0.186596
-0.124981
-2.738058
-0.530717
-1.018746
0.486497
-0.845250
-0.124436
1.547030
-0.160174
-0.116707
-1.376657
0.732287
0.272678
1.419125
-1.068457
-0.390463
0.720029
-0.331993
0.683210
-0.369436
1.764544
-0.126741
1.063389
-1.090096
1.619586
0.330984
0.552355
-1.060917
0.859959
1.201327
-0.236969
-1.507509
1.464581
-0.596391
1.171896
-1.430334
0.908467
-0.057792
1.059969
-1.119388
-0.719015
0.687711
0.182912
0.313385
-1.068795
-0.254098
1.954877
0.197060
0.395230
1.088489
-0.318726
0.985024
1.196129
-0.883925
-0.268553
0.162647
-0.544306
-2.182426
-0.860015
-1.124147
-1.162232
-1.335809
0.470316
-1.097192
-0.306686
-0.230485
-0.606201
0.411705
0.910645
0.691694
-0.000859
-1.215819
-0.592066
1.889694
0.808408
-0.524174
-0.500604
-0.929552
-0.635307
-0.391368
-1.372731
2.184505
-1.547006
0.314768
-0.906770
0.376920
1.071799
1.772906
0.305415
-1.077347
-0.548080
-0.328513
-0.025577
1.299514
0.211907
1.539349
0.903691
-0.507132
1.538073
-1.174859
0.971369
-2.130179
-0.306081
-1.153508
2.096016
1.286592
-1.007008
-0.617041
-2.017395
-0.699187
-0.737144
-0.771025
-1.146568
-0.693230
-0.339042
0.045371
-0.711198
-0.257821
0.517962
1.822960
-0.122917
-0.082976
0.964264
-0.645813
-0.893432
-0.752089
0.918559
-1.077620
0.448041
0.417375
0.152668
-0.132853
1.353702
-0.363153
-0.386585
-0.705013
-1.243359
0.019530
-2.071281
1.979404
-0.219314
-1.645805
1.108728
-0.203506
0.424828
-1.099166
-0.430999
0.610532
1.193426
-0.404633
0.042947
-0.782744
0.059715
-0.891556
-2.215505
1.220127
0.614530
0.270202
1.233598
-0.447255
0.127864
-1.040649
0.751541
-0.085392
0.324996
-0.102338
0.954962
0.886147
-1.860647
-1.702002
0.023822
0.126699
1.044551
0.912346
-0.812021
0.992134
-1.342057
-0.574251
0.095518
-1.348713
-1.124121
-1.058609
0.792931
-1.153127
-0.908159
-1.007405
-0.971663
0.310145
-0.994009
1.303630
2.243251
-0.013621
-1.613578
-0.188720
0.181308
-0.233380
1.730358
-0.389635
0.353070
-1.115498
-1.381468
0.219505
-0.644644
-0.601204
-0.001480
-1.538799
0.286162
0.741023
-0.916196
-0.779801
-0.438036
1.936782
0.762927
-1.541372
0.243491
-0.523531
0.030068
0.215832
-1.010978
-1.032817
-0.075285
-1.717704
-0.182669
-0.015054
-3.454907
-0.604564
-1.041497
-0.118176
0.376132
1.995205
-0.078364
0.954482
0.837824
-1.402133
-0.566684
1.624027
0.267762
-0.996012
-2.211305
0.771784
0.147231
-0.815426
-0.319403
-0.564607
0.027733
1.641585
-0.802469
-0.158702
0.089937
0.416294
-0.903835
-1.316937
0.453374
-0.670169
-0.641553
0.532987
0.323457
-0.119707
0.246320
-0.579090
0.027401
1.775523
0.980265
1.525946
1.154114
-1.614047
0.888267
1.853142
-0.756575
-0.818913
1.147431
-0.216434
-0.439792
-0.035853
-0.994492
0.541498
-1.439915
-2.206015
0.367249
-0.598364
1.182043
0.370333
0.952787
-2.293534
-0.428848
0.550325
-0.863852
2.167678
0.223267
0.412983
-0.318004
-1.451938
1.165953
0.564328
0.558518
-1.735207
-0.499363
0.410705
0.820242
-0.258363
-0.503166
-0.020872
-1.271341
0.596233
0.092906
-1.182704
0.941379
1.463845
-0.244845
-0.356167
1.060978
-1.757741
0.207203
1.241735
-0.117720
-0.408718
0.549995
1.423450
1.379403
-1.978475
-1.004216
0.332630
-0.231681
-0.125313
0.705610
0.395501
-0.416104
1.246387
-0.742427
-0.108846
-1.839011
-0.154332
-1.396927
0.269885
0.652826
0.189626
0.805698
-1.186026
1.257513
0.466425
-0.091531
-0.604309
1.046440
-0.032654
-1.785717
0.393443
1.666035
-1.257510
-0.035297
-0.288583
-0.361283
0.585032
0.533900
-1.270170
0.841551
0.066082
0.619014
-0.152313
-1.386671
0.986532
0.057388
0.070022
0.096191
1.053352
-1.298763
-1.030563
-2.060004
-0.576859
-1.724830
-0.301053
0.249220
0.660920
-0.542133
0.843188
-1.069456
0.139514
0.596621
-0.018133
0.077829
0.219175
0.249867
1.657471
0.216897
1.392734
1.949986
0.361066
-0.101475
-0.963705
0.657058
1.508826
0.116228
1.219812
0.661229
-1.332787
0.045797
1.829757
0.434027
0.418534
0.174132
0.630384
-0.161035
-0.533499
-0.994077
0.501644
-0.835215
0.535932
2.119269
1.082691
0.711831
2.258241
-0.420610
1.607843
0.883118
1.425969
0.083564
0.659905
1.319547
-0.719966
0.731735
-0.841218
-0.096742
-0.493007
0.517084
-1.768776
-0.460398
1.171826
0.743918
0.177077
-0.109757
0.693167
-1.005412
-2.575654
0.242022
-1.029336
-0.652115
1.984634
0.144305
0.370507
-0.578587
0.168890
0.359721
0.485167
1.473389
1.495714
0.701336
0.499252
-1.228465
0.245934
-0.349071
