0.450687266087776
0.04493405885780201
0.025693873142832006
0.0019188615790103338
0.004654937833946497
0.0004908507111293982
0.00016477756541283177
-0.0003719616723137152
-1.8322649640374168e-05
-0.0032897770505329917
-0.0072655856816380105


0.466640708713509
0.04494721705116299
0.04352313066064306
0.0070519287521323346
0.0031250851576797556
0.0004872699834130028
0.0022347041416514992
0.0032531490188050034
-0.0016129384643376265
-0.009459359752385006
-0.0033125445308760048


0.44128730639166347
0.05631805898009199
0.050148550003156496
0.0003396634242700036
0.0009978989237472463
0.0009654811306014009
0.0018891385481233322
0.0024641119116634315
-0.002434429902306245
0.010622130003284977
0.016442144298648997


0.4409284564652747
0.062102790740637896
0.04665376719651051
-0.00235734072202
0.008649804655690242
0.006461733353116396
-0.0004799348428395007
-0.0017658300484268573
0.0002764687174026275
0.002857060273358979
0.0007489030389279977


0.45680227605711404
0.03888753572795799
0.03732876718851701
0.005904682653541327
0.007396522728309507
-0.0008076725826379962
-0.0008235232563121673
0.0037636879358945714
5.410530283724995e-05
-0.018591046975707994
-0.02813243753015404


0.43331012404966
0.020729830209230984
0.02820506711412352
0.0008386965948469959
0.004381594534361251
-0.0021254817186945976
0.00043760714685733414
-0.0007431605700862863
0.0017370279227268744
-0.003648087472933989
-0.003648087472933989


0.440840920943157
0.054335900834761953
0.03435840025840399
-0.005066008016675347
0.0032775314961007505
-0.0004470510035636025
-0.0018591116656433287
0.0006430657413045703
-0.0014655381779077501
-0.011724305423262001
0.01972253344861399


0.42502234569622604
0.07200913423635899
0.04128943856848855
-0.0033629444250996665
0.00023872123956600124
-0.0015028796313795985
0.00024639124269433034
-0.0008672333700197139
-0.0007588291987672497
0.04814216231225695
0.004103545266183007


0.48442942842242553
0.06940409260048111
0.03865179888290203
0.0012998639569400084
0.0008330536343032458
-0.002686213817131001
0.0012589698364938336
0.0010791170027090002
0.005260904063351997
0.032149648015602016
0.027997321974881986


0.46794207209292527
0.05734145871997104
0.0440726850661495
0.009234127089024338
0.0036467022812392484
0.0013954076722084026
0.0011628397268403357
0.0007915270075724286
-0.00047171716850224945
-0.0071198593240949775
-0.0035909910244100187


0.46741671687034547
0.06274766718684698
0.04391193281059002
0.011726834144184689
0.008886881991015014
0.007109505592812012
0.003002157383997498
0.004650842093318565
-9.62773911096246e-05
-0.009858458415067982
-0.02570091701254901


0.45076566856071365
0.07669216947206402
0.03446866506993601
0.007119842371048671
0.005339881778286504
0.0060534882642391845
0.0010594095065473317
0.0011140546325928563
0.0026360006309197486
-0.019823528192501973
0.009941047126016008


0.43279974792835524
0.039869579401607014
0.043295045921227564
0.02886336394748504
-0.00016217633057374865
0.002229382768864801
-0.0007566950767053339
0.0011542726440919992
-0.000642132083061876
-0.010144810771401029
-0.006478995933729997


0.45377240712365824
0.07144602361919297
0.035723011809596486
0.033771869694685715
0.0077602735167387514
0.006247904090005395
0.0040197000793925
0.0006877251845045702
0.00021341860032187367
-0.011617274078836991
-0.0052984833461380025


0.45414860641683097
0.45414860641683097
0.027714686603417523
0.021849653602859665
0.00320612947568375
0.010168564680147797
-0.0009356151297373308
-1.6016126493999825e-05
-0.003123621759523376
-0.01920359585020501
-0.01985835250598301


0.45414860641683097
0.055429373206835046
0.0327744804042895
0.004274839300911667
0.012710705850184746
-0.001122738155684797
-1.868548090966646e-05
-0.0035698534394552873
-0.0024004494812756264
-0.01985835250598301
-0.011523367824834008


0.45083812802404677
0.03724405273356901
0.047069403556273016
-0.0037897059815116705
-0.0010311063556119966
0.001580687320135199
-0.0026371852892054996
-0.0029549801678185727
-0.0030367800269983747
-0.014096924653095992
-0.025390730784932994


0.41416231969841333
0.03215110480268004
0.04020365114574247
0.0023647406869376627
0.0011620338379097542
0.002192330890490399
-0.0005992457140506682
-0.00028096885818542803
-0.0007447792472290025
-0.009354004402734008
0.0041903118017409995


0.4468492200941212
0.05837108620170501
0.044438290963396
0.008471687924921997
0.006217400003783002
0.00016819755043120024
0.003136224585259165
0.0006371338550757189
0.0005924647137167491
0.010463983976707022
0.014350616337207004


0.4319212488174755
0.062055785593125024
0.03631462319941253
0.0035621734365603322
0.005691450819077746
0.0037608342957986055
0.0024461002524469996
0.0005396418604612877
0.0029394002567738765
0.015533354811687015
0.015533354811687015


0.48427151424200854
0.07053080775526503
0.024336591810789024
-0.0011938075280936728
0.004089049228764748
0.0001519974878598007
0.001172564801383168
0.0040574605745105725
0.002926590264411374
0.023412722115290992
-0.024346641447769993


0.45939896630403915
0.06697433452814101
0.04421219120322256
0.00935148848330733
0.006476426406691
0.0013238890243159982
0.0033693270352566636
0.005753444834269286
0.005034264229985625
0.014055508547106996
0.00720242716062399


0.42209786341263655
0.03769116765820202
0.027970132611401504
0.011932114550350995
0.012578685551011756
0.0027006296722355996
0.005081384201899167
0.0043554721730564286
0.0010370581308566248
0.0034179659904710075
-0.011361605077246009


0.4534011624145634
0.035107969511322966
0.03815070457966996
0.015641948998513334
0.011687056183657219
0.006390721734192401
0.005325601445160333
-0.00031810071861285724
-0.0005709114711887544
0.004514749175936017
0.010335385267082994


0.38124033798919116
0.04681853955756396
0.03379214737791998
0.007218779620219348
0.008038923711185248
0.006431138968948198
0.0031624667288410063
-0.0008027076450504287
0.0009408639845653756
0.016405369360250954
-0.010914767084208006


0.45430351703217814
0.06604027890378301
0.036063076855033016
0.006730413972326665
0.0050478104792449985
0.0031758337048790105
-0.0020102653832776676
0.0013742795252304296
-0.002594406528373376
-0.019245431539477012
0.0016731537096180045


0.45570110179663514
0.07855702740003803
0.050178816390921505
0.033452544260614336
0.004999150495749252
0.003984256957235399
-0.003224222844897169
-0.00043603570682485877
0.0009681941141874998
0.012109206041267001
-0.0021090370336899985


0.4515198071794327
0.08503386655470505
0.04251693327735252
0.03449621530032599
0.007756540330252752
0.004727119384329602
-0.0003316341397356659
0.0038465366402511375
0.0015687438960228755
-0.0007879766322500019
0.0011387629749770086


0.46188976430493883
0.46188976430493883
0.02686949557145452
0.020224212715866684
0.0016939558457992516
0.005994749193034202
0.0023899752145409925
-0.0007808286931831423
0.002419725168165751
0.028839830589285027
-0.002734002756152012


0.46188976430493883
0.05373899114290904
0.030336319073800022
0.002258607794399002
0.007493436491292752
0.002867970257449191
-0.0009109668087136659
0.00276540019218943
0.0036049788236606284
-0.002734002756152012
0.01536291418064102


0.4684117570402049
0.023376444785169974
0.03901731574406547
-0.00021812430594599896
0.0024729662605365
0.0007976531501166012
-0.001544002007423004
-0.006530193145403566
0.0012473936216540016
0.025185509351035
0.03142303025635902


0.42453333845921715
0.034522585799350976
0.03657602836865799
-0.0015892120880056646
0.004216537475324498
0.001229359110929198
0.0012221736775346627
0.003246375627503138
0.002421478782636501
0.013241990197407015
-0.009491309200344966


0.40646137272068333
0.06309599852333202
0.02483903394384401
0.0034023640883103314
-0.003668799894751998
0.0010545968529724003
0.003045507178080168
0.0006670481471135734
0.001987455077420503
-0.010932406207390987
0.005805452001456974


0.4404818949960644
0.031646719088636935
0.02544615307217355
-0.007017390899421659
-0.00260356035669425
0.0001250989176573998
0.001123732445340507
0.0036565446266097115
-0.0014948739306038746
0.010132968984761003
0.002033104250352995


0.42297961053522
0.052277057139291996
0.04098605797837051
0.003660912164020673
0.0016087478221357536
-0.0005046822027527987
0.0032397181296250008
0.0004725266162795714
-0.00010822999080162377
-0.014728364178418989
0.014190343415118005


0.47605573745079505
0.051317903798378035
0.05243020693558847
0.006651861343570309
0.007179952502494747
0.005985859082747394
0.0007747286320501635
0.0006354892099891434
0.0008837361183957502
-0.0021726335702020004
-0.02375486023736799


0.4240221508978571
0.05754650164075302
0.03683994377088998
0.000903661893617002
0.005460682464426487
-0.0033714265965239967
-0.005345688472490329
0.00031560839246499967
-0.001033038949667253
-0.013943993134034032
-0.011583092507215996


0.4564817159624196
0.02660588606745402
0.04082787555740147
0.005992907804792322
0.007343116076912751
-0.002966904941023399
-0.0018632702415693364
-0.007885885507776578
-0.003092815472755001
8.550940790600082e-05
-0.038952303146595


0.41860423530054225
0.054313147423656026
0.050849708446094974
0.004519422320541672
-0.0007418411549772502
-0.0036135448246770005
0.0013937389646980017
0.002119405952897854
0.0029496243310862505
-0.012618259821101015
0.002785358939394006


0.4501242828625411
0.08600630837742705
0.037845619562350497
0.004516811461356669
0.0023048612173572494
0.002890050614561607
0.0020021227873810044
-0.0014506533280448572
-0.0003467877189248759
0.01114623443134501
0.00033180080930399463


0.4722532881091893
0.06596342082253306
0.05256533606861346
0.01040146264790699
0.002991282016775502
0.006450592348565005
-0.0009500733516023341
-0.00014369399184128526
0.001861616889427374
0.0001424020201039971
-0.03010947581654702


0.42706737430194863
0.07071280304486005
0.03597783288433851
0.011763612660705346
0.009803295744098271
0.0038943530814489974
0.0016040675029214977
0.001460451692387288
-0.00146606227799125
-0.0059108658708490035
-0.012919448009490027


0.46963525082864843
0.08940396177300297
0.038150872551194995
0.005700692710465001
0.007007146103005758
0.0029697918602810025
-0.002387706913378163
0.00029685621214514354
-0.0005451152780283761
-0.01341211360684701
-0.011549259563354992


0.4363476492475011
0.06314873884232194
0.03861064941924096
0.009632289679718345
-0.0006052336476994992
0.00043330618858658987
0.0022878098752603334
0.0028645964162424273
0.0001020818129555011
0.014954562104357997
0.019983793596061002

