1254.002740
1259.361897
1264.067804
1267.850614
1270.488463
1271.819317
1271.749768
1270.260303
1267.406771
1263.317970
1258.189455
1252.273876
1245.868324
1239.299333
1232.906275
1227.024002
1221.965619
1218.006252
1215.368649
1214.211364
1214.620113
1216.602777
1220.088312
1224.929639
1230.910397
1237.755226
1245.143084
1252.722943
1260.131083
1267.009121
1273.021882
1277.874197
1281.325804
1283.203572
1283.410447
1281.930648
1278.830831
1274.257168
1268.428448
1261.625542
1254.177748
1246.446671
1238.808452
1231.635206
1225.276618
1220.042579
1216.187768
1213.898918
1213.285438
1214.373845
1217.106301
1221.343342
1226.870668
1233.409667
1240.631160
1248.171686
1255.651532
1262.693600
1268.942186
1274.080734
1277.847672
1280.049549
1280.570804
1279.379684
1276.529996
1272.158609
1266.478823
1259.769909
1252.363359
1244.626501
1236.944306
1229.700272
1223.257353
1217.939860
1214.017258
1211.690645
1211.082608
1212.230961
1215.086670
1219.516099
1225.307450
1232.181099
1239.803311
1247.802662
1255.788364
1263.369570
1270.174714
1275.869928
1280.175608
1282.880317
1283.851325
1283.041263
1280.490554
1276.325489
1270.752056
1264.045807
1256.538266
1248.600559
1240.625058
1233.005964
1226.119787
1220.306679
1215.853571
1212.979931
1211.826858
1212.450067
1214.817091
1218.808870
1224.225630
1230.796773
1238.194286
1246.049003
1253.968925
1261.558674
1268.439127
1274.266255
1278.748219
1281.659895
1282.854080
1282.268844
1279.930647
1275.953066
1270.531199
1263.932021
1256.481158
1248.546755
1240.521217
1232.801743
1225.770619
1219.776232
1215.115774
1212.020477
1210.644113
1211.055350
1213.234316
1217.073568
1222.383408
1228.901279
1236.304788
1244.227692
1252.278077
1260.057800
1267.182251
1273.299444
1278.107489
1281.369572
1282.925710
1282.700685
1280.707773
1277.048072
1271.905464
1265.537475
1258.262461
1250.443785
1242.471746
1234.744178
1227.646670
1221.533394
1216.709503
1213.415952
1211.817522
1211.994630
1213.939320
1217.555666
1222.664533
1229.012483
1236.284368
1244.118998
1252.127091
1259.910621
1267.082603
1273.286321
1278.213060
1281.617441
1283.329615
1283.263693
1281.422012
1277.895006
1272.856700
1266.556054
1259.304578
1251.460842
1243.412653
1235.557774
1228.284164
1221.950701
1216.869364
1213.289743
1211.386672
1211.251565
1212.887923
1216.211202
1221.053074
1227.169845
1234.254628
1241.952659
1249.878983
1257.637649
1264.841436
1271.131150
1276.193507
1279.776736
1281.703113
1281.877792
1280.293522
1277.030988
1272.254771
1266.205135
1259.186033
1251.549946
1243.680307
1235.972371
1228.813508
1222.563876
1217.538456
1213.991332
1212.102997
1211.971332
1213.606689
1216.931332
1221.783268
1227.924267
1235.051678
1242.813457
1250.825650
1258.691469
1266.021004
1272.450604
1277.660946
1281.392906
1283.460440
1283.759825
1282.274822
1279.077482
1274.324567
1268.249772
1261.152113
1253.381091
1245.319334
1237.363617
1229.905179
1223.310321
1217.902263
1213.945138
1211.630943
1211.070078
1212.285939
1215.213850
1219.704370
1225.530803
1232.400554
1239.969746
1247.860377
1255.679156
1263.037088
1269.568821
1274.950801
1278.917331
1281.273724
1281.905921
1280.786070
1277.973810
1273.613192
1267.925398
1261.197612
1253.768624
1246.011857
1238.316696
1231.069022
1224.631951
1219.327713
1215.421595
1213.108733
1212.504418
1213.638398
1216.453456
1220.808324
1226.484806
1233.198732
1240.614201
1248.360403
1256.050173
1263.299355
1269.746006
1275.068478
1279.001478
1281.349305
1281.995605
1280.909154
1278.145380
1273.843559
1268.219814
1261.556282
1254.186976
1246.481059
1238.824372
1231.600120
1225.169707
1219.854658
1215.920535
1213.563667
1212.901332
1213.965898
1216.703213
1220.975323
1226.567377
1233.198382
1240.535264
1248.209537
1255.835744
1263.030743
1269.432885
1274.720116
1278.626105
1280.953581
1281.584227
1280.484619
1277.707928
1273.391288
1267.748969
1261.061685
1253.662587
1245.920623
1238.222104
1230.951406
1224.471748
1219.107038
1215.125669
1212.727086
1212.031799
1213.075334
1215.806433
1220.089589
1225.711795
1232.393161
1239.800890
1247.565889
1255.301212
1262.621387
1269.161690
1274.596379
1278.654989
1281.135865
1281.916268
1280.958530
1278.311962
1274.110415
1268.565611
1261.956572
1254.615684
1246.912085
1239.233199
1231.965353
1225.474429
1220.087535
1216.076592
1213.644677
1212.915801
1213.928621
1216.634432
1220.899509
1226.511717
1233.191034
1240.603492
1248.377815
1256.123948
1263.452539
1269.994412
1275.419045
1279.451150
1281.884503
1282.592350
1281.533853
1278.756260
1274.392678
1268.655565
1261.826257
1254.241041
1246.274482
1238.320819
1230.774356
1224.009835
1218.363754
1214.117579
1211.483669
1210.594635
1211.496654
1214.147084
1218.416488
1224.094990
1230.902631
1238.503225
1246.521025
1254.559362
1262.220352
1269.124668
1274.930403
1279.350094
1282.165040
1283.236211
1282.511206
1280.026901
1275.907661
1270.359197
1263.658381
1256.139504
1248.177681
1240.170212
1232.516831
1225.599823
1219.765000
1215.304479
1212.442123
1211.322368
1212.002998
1214.452216
1218.550182
1224.094912
1230.812276
1238.369586
1246.392090
1254.481580
1262.236156
1269.270194
1275.233508
1279.828756
1282.826224
1284.075265
1283.511799
1281.161524
1277.138665
1271.640325
1264.936722
1257.357787
1249.276804
1241.091889
1233.206239
1226.008134
1219.851670
1215.039206
1211.806375
1210.310416
1210.622405
1212.723769
1216.507254
1221.782305
1228.284584
1235.689154
1243.626669
1251.701772
1259.512778
1266.671661
1272.823365
1277.663452
1280.953233
1282.531621
1282.323111
1280.341495
1276.689131
1271.551794
1265.189379
1257.922904
1250.118476
1242.169002
1234.474579
1227.422516
1221.367999
1216.616355
1213.407804
1211.905455
1212.187142
1214.241512
1217.968561
1223.184582
1229.631289
1236.988664
1244.890874
1252.944486
1260.748047
1267.912086
1274.078514
1278.938470
1282.247722
1283.838855
1283.629641
1281.627168
1277.927533
1272.711101
1266.233572
1258.813309
1250.815532
1242.634198
1234.672440
1227.322550
1220.946511
1215.858020
1212.306931
1210.466861
1210.426591
1212.185691
1215.654576
1220.658996
1226.948734
1234.210083
1242.081470
1250.171458
1258.078230
1265.409571
1271.802375
1276.940689
1280.571400
1282.516790
1282.683331
1281.066280
1277.749856
1272.902975
1266.770781
1259.662368
1251.935331
1243.977898
1236.189545
1228.961057
1222.655029
1217.587775
1214.013551
1212.111882
1211.978611
1213.621126
1216.958005
1221.823081
1227.973742
1235.103039
1242.855005
1250.842414
1258.666104
1265.934892
1272.285096
1277.398678
1281.019124
1282.964246
1283.135288
1281.521868
1278.202521
1273.340800
1267.177154
1260.016956
1252.215310
1244.159369
1236.249056
1228.877150
1222.409727
1217.167923
1213.411947
1211.328116
1211.019576
1212.501171
1215.698697
1220.452606
1226.525949
1233.616184
1241.370238
1249.402103
1257.312053
1264.706554
1271.217862
1276.522336
1280.356543
1282.530378
1282.936516
1281.555743
1278.457899
1273.798383
1267.810390
1260.793281
1253.097646
1245.107826
1237.222749
1229.836042
1223.316406
1217.989239
1214.120416
1211.903037
1211.447805
1212.777507
1215.825883
1220.440928
1226.392476
1233.383669
1241.065762
1249.055509
1256.954266
1264.367871
1270.926294
1276.302090
1280.226726
1282.503979
1283.019727
1281.747646
1278.750546
1274.177244
1268.255172
1261.279051
1253.596223
1245.589351
1237.657360
1230.195571
1223.576003
1218.128844
1214.125993
1211.767514
1211.171659
1212.368966
1215.300729
1219.821903
1225.708318
1232.667823
1240.354824
1248.387475
1256.366679
1263.895943
1270.601108
1276.148962
1280.263813
1282.741203
1283.458069
1282.378854
1279.557262
1275.133568
1269.327624
1262.427897
1254.777102
1246.755137
1238.760162
1231.188791
1224.416346
1218.778197
1214.553081
1211.949260
1211.094181
1212.028174
1214.702487
1218.981761
1224.650821
1231.425436
1238.966521
1246.897067
1254.820955
1262.342714
1269.087247
1274.718526
1278.956338
1281.590248
1282.490066
1281.612321
1279.002400
1274.792264
1269.193832
1262.488390
1255.012535
1247.141362
1239.269734
1231.792564
1225.085097
1219.484178
1215.271426
1212.659171
1211.779847
1212.679360
1215.314784
1219.556476
1225.194522
1231.949181
1239.484816
1247.426613
1255.379246
1262.946578
1269.751396
1275.454209
1279.770167
1282.483256
1283.457071
1282.641616
1280.075810
1275.885555
1270.277477
1263.528653
1255.972817
1247.983759
1239.956729
1232.288768
1225.358963
1219.509595
1215.029122
1212.137857
1210.977029
1211.601797
1213.978549
1217.986622
1223.424363
1230.019217
1237.441343
1245.320089
1253.262479
1260.872816
1267.772406
1273.618430
1278.121014
1281.057655
1282.284275
1281.742366
1279.461852
1275.559548
1270.233273
1263.751925
1256.442018
1248.671332
1240.830519
1233.313567
1226.498102
1220.726512
1216.288831
1213.408248
1212.229947
1212.813854
1215.131638
1219.068122
1224.427039
1230.940832
1238.284017
1246.089451
1253.966669
1261.521405
1268.375290
1274.184774
1278.658305
1281.570920
1282.775508
1282.210195
1279.901471
1275.962908
1270.589524
1264.048084
1256.663816
1248.804198
1240.860633
1233.228926
1226.289528
1220.388538
1215.820419
1212.813273
1211.517429
1211.997903
1214.231111
1218.106003
1223.429558
1229.936373
1237.301864
1245.158432
1253.113771
1260.770429
1267.745627
1273.690363
1278.306835
1281.363328
1282.705806
1282.265648
1280.063123
1276.206441
1270.886419
1264.367029
1256.972298
1249.070204
1241.054377
1233.324516
1226.266481
1220.233077
1215.526464
1212.383080
1210.961827
1211.336115
1213.490145
1217.319634
1222.636948
1229.180367
1236.627058
1244.609074
1252.731614
1260.592619
1267.802741
1274.004680
1278.890937
1282.219100
1283.823892
1283.625399
1281.633052
1277.945172
1272.744104
1266.287174
1258.893922
1250.930252
1242.790267
1234.876721
1227.581034
1221.263874
1216.237274
1212.749164
1210.971094
1210.989749
1212.802682
1216.318482
1221.361347
1227.679858
1234.959495
1242.838289
1250.924814
1258.817636
1266.125250
1272.485507
1277.583568
1281.167502
1283.060741
1283.170782
1281.493704
1278.114284
1273.201694
1267.001014
1259.820982
1252.018577
1243.981231
1236.107538
1228.787430
1222.382798
1217.209541
1213.521909
1211.499949
1211.240638
1212.753188
1215.958705
1220.694253
1226.721093
1233.736694
1241.389912
1249.298563
1257.068542
1264.313496
1270.674097
1275.835938
1279.545169
1281.621087
1281.965054
1280.565315
1277.497453
1272.920488
1267.068798
1260.240285
1252.781368
1245.069562
1237.494511
1230.438439
1224.256971
1219.261309
1215.702644
1213.759578
1213.529193
1215.022211
1218.162479
1222.790819
1228.673027
1235.511645
1242.960898
1250.644051
1258.172330
1265.164437
1271.265708
1276.165930
1279.614942
1281.435236
1281.530915
1279.892578
1276.597863
1271.807644
1265.758048
1258.748707
1251.127819
1243.274769
1235.581184
1228.431351
1222.182994
1217.149369
1213.583556
1211.665760
1211.494236
1213.080301
1216.347693
1221.136293
1227.210042
1234.268660
1241.962569
1249.910295
1257.717470
1264.996489
1271.385847
1276.568180
1280.286117
1282.355148
1282.672867
1281.224121
1278.081810
1273.403297
1267.422603
1260.438770
1252.800977
1244.891152
1237.104928
1229.831923
1223.436292
1218.238545
1214.499538
1212.407417
1212.068188
1213.500376
1216.634039
1221.314201
1227.308511
1234.318780
1241.995792
1249.956678
1257.803970
1265.145397
1271.613438
1276.883644
1280.690835
1282.842352
1283.227703
1281.824129
1278.697800
1274.000593
1267.962594
1260.880715
1253.103973
1245.016176
1237.016868
1229.501491
1222.841735
1217.367071
1213.348379
1210.984478
1210.392244
1211.600798
1214.550054
1219.093703
1225.006486
1231.995387
1239.714195
1247.780713
1255.795748
1263.362947
1270.108483
1275.699624
1279.861243
1282.389464
1283.161758
1282.142987
1279.387098
1275.034381
1269.304431
1262.485169
1254.918458
1246.983045
1239.075670
1231.591287
1224.903388
1219.345393
1215.194059
1212.655705
1211.855970
1212.833583
1215.538476
1219.834327
1225.505396
1232.267332
1239.781387
1247.671348
1255.542327
1263.000487
1269.672699
1275.225173
1279.380112
1281.929577
1282.745857
1281.787834
1279.103031
1274.825224
1269.167760
1262.412898
1254.897708
1246.997238
1239.105786
1231.617209
1224.905251
1219.304880
1215.095556
1212.487272
1211.610058
1212.507476
1215.134439
1219.359445
1224.971131
1231.688815
1239.176497
1247.059631
1254.943819
1262.434501
1269.156660
1274.773559
1279.003568
1281.634245
1282.532978
1281.653632
1279.038897
1274.818194
1269.201257
1262.467712
1254.953150
1247.032417
1239.100937
1231.554991
1224.771960
1219.091492
1214.798547
1212.109160
1211.159636
1211.999715
1214.590046
1218.804102
1224.434441
1231.203000
1238.774908
1246.775141
1254.807173
1262.472712
1269.391521
1275.220355
1279.670049
1282.519924
1283.628778
1282.941930
1280.493944
1276.406919
1270.884410
1264.201301
1256.690112
1248.724443
1240.700369
1233.016711
1226.055170
1220.161317
1215.627376
1212.677670
1211.457448
1212.025654
1214.351992
1218.318447
1223.725176
1230.300473
1237.714328
1245.594886
1253.546999
1261.171940
1268.087300
1273.946078
1278.453998
1281.384217
1282.588662
1282.005447
1279.661997
1275.673714
1270.238262
1263.625749
1256.165291
1248.228638
1240.211654
1232.514609
1225.522226
1219.584504
1214.999264
1211.997278
1210.730747
1211.265671
1213.578518
1217.557347
1223.007331
1229.660408
1237.188578
1245.220189
1253.358399
1261.200891
1268.359870
1274.481340
1279.262697
1282.467780
1283.938603
1283.603214
1281.479266
1277.673134
1272.374622
1265.847513
1258.416450
1250.450780
1242.346186
1234.505002
1227.316206
1221.136079
1216.270493
1212.959708
1211.366448
1211.567819
1213.551511
1217.216434
1222.377786
1228.776275
1236.091061
1243.955747
1251.976645
1259.752390
1266.893937
1273.043940
1277.894546
1281.202731
1282.802389
1282.612610
1280.641693
1276.986734
1271.828782
1265.423822
1258.090024
1250.191903
1242.122170
1234.282188
1227.061994
1220.820894
1215.869595
1212.454749
1210.746698
1210.831021
1212.704294
1216.274285
1221.364569
1227.723333
1235.035920
1242.940504
1251.046103
1258.952031
1266.267827
1272.632657
1277.733240
1281.319387
1283.216393
1283.333661
1281.669132
1278.309298
1273.424811
1267.261896
1260.130006
1252.386335
1244.417962
1236.622526
1229.388372
1223.075200
1217.996136
1214.402156
1212.469617
1212.291523
1213.872965
1217.130947
1221.898619
1227.933697
1234.930643
1242.536006
1250.366147
1258.026461
1265.131147
1271.322527
1276.288940
1279.780349
1281.620840
1281.717424
1280.064677
1276.745009
1271.924527
1265.844714
1258.810340
1251.174199
1243.319442
1235.640398
1228.522817
1222.324554
1217.357631
1213.872602
1212.045969
1211.971319
1213.654587
1217.013717
1221.882708
1228.019872
1235.119872
1242.828953
1250.762597
1258.524729
1265.727502
1272.010694
1277.059727
1280.621412
1282.516651
1282.649427
1281.011664
1277.683690
1272.830290
1266.692539
1259.575818
1251.834621
1243.854892
1236.034787
1228.764820
1222.408368
1217.283527
1213.647214
1211.682313
1211.488507
1213.077250
1216.371144
1221.207741
1227.347589
1234.486125
1242.268816
1250.308797
1258.206137
1265.567757
1272.027017
1277.261995
1281.011548
1283.088337
1283.388196
1281.895343
1278.683198
1273.910754
1267.814676
1260.697532
1252.912736
1244.846948
1236.900819
1229.469029
1222.920616
1217.580587
1213.713712
1211.511324
1211.081772
1212.445014
1215.531621
1220.186227
1226.175282
1233.198692
1240.904793
1248.907897
1256.807542
1264.208479
1270.740420
1276.076528
1279.949759
1282.166224
1282.614894
1281.273193
1278.208154
1273.573128
1267.600159
1260.588443
1252.889421
1244.889254
1236.989556
1229.587342
1223.055187
1217.722594
1213.859497
1211.662714
1211.246047
1212.634507
1215.762962
1220.479279
1226.551811
1233.680845
1241.513461
1249.661051
1257.718634
1265.285010
1271.982732
1277.476933
1281.492031
1283.825515
1284.358100
1283.059756
1279.991293
1275.301443
1269.219558
1262.044299
1254.128870
1245.863529
1237.656246
1229.912468
1223.014996
1217.304970
1213.064917
1210.504698
1209.751055
1210.841283
1213.721335
1218.248465
1224.198278
1231.275828
1239.130234
1247.372063
1255.592647
1263.384348
1270.360784
1276.176004
1280.541654
1283.241295
1284.141150
1283.196750
1280.455147
1276.052590
1270.207769
1263.210965
1255.409657
1247.191281
1238.964006
1231.136491
1224.097610
1218.197162
1213.728526
1210.914111
1209.894340
1210.720688
1213.353150
1217.662238
1223.435423
1230.387685
1238.175672
1246.414727
1254.697974
1262.616490
1269.779570
1275.834077
1280.481917
1283.494778
1284.725390
1284.114763
1281.695034
1277.587793
1271.997970
1265.203595
1257.541929
1249.392677
1241.159105
1233.248006
1226.049510
1219.917749
1215.153319
1211.988438
1210.575507
1210.979654
1213.175631
1217.049207
1222.402984
1228.966349
1236.409051
1244.357737
1252.414614
1260.177298
1267.258880
1273.307186
1278.022288
1281.171392
1282.600357
1282.241282
1280.115777
1276.333772
1271.087911
1264.643827
1257.326787
1249.505358
1241.572943
1233.928076
1226.954491
1221.001938
1216.368710
1213.286767
1211.910168
1212.307422
1214.458104
1218.253935
1223.504238
1229.945528
1237.254721
1245.065334
1252.985834
1260.619248
1267.583026
1273.528184
1278.156765
1281.236738
1282.613606
1282.218126
1280.069772
1276.275758
1271.025675
1264.582007
1257.267008
1249.446582
1241.511988
1233.860275
1226.874421
1220.904183
1216.248596
1213.141011
1211.737415
1212.108610
1214.236655
1218.015738
1223.257440
1229.700131
1237.022022
1244.857233
1252.814060
1260.494542
1267.514349
1273.521989
1278.216383
1281.361930
1282.800304
1282.458397
1280.352007
1276.585088
1271.344601
1264.891210
1257.546306
1249.675983
1241.672779
1233.936093
1226.852249
1220.775197
1216.008835
1212.791811
1211.285574
1211.566281
1213.620949
1217.348055
1222.562553
1229.005066
1236.354782
1244.245432
1252.283533
1260.068006
1267.210177
1273.353178
1278.189761
1281.477656
1283.051695
1282.832096
1280.828498
1277.139541
1271.948003
1265.511753
1258.150942
1250.232094
1242.149877
1234.307452
1227.096401
1220.877208
1215.961291
1212.595452
1210.949549
1211.107985
1213.065450
1216.727119
1221.913315
1228.368384
1235.773369
1243.761821
1251.937997
1259.896505
1267.242449
1273.611053
1278.685795
1282.214147
1284.020138
1284.013116
1282.192268
1278.646679
1273.550926
1267.156414
1259.778906
1251.782845
1243.563265
1235.526179
1228.068424
1221.557969
1216.315656
1212.599289
1210.590861
1210.387550
1211.996937
1215.336678
1220.238646
1226.457335
1233.682114
1241.552709
1249.677149
1257.651282
1265.078885
1271.591371
1276.866111
1280.642459
1282.734682
1283.041158
1281.549374
1278.336491
1273.565438
1267.476737
1260.376466
1252.620957
1244.599007
1236.712465
1229.356189
1222.898349
1217.662076
1213.909361
1211.827999
1211.522252
1213.007667
1216.210323
1220.970542
1227.050872
1234.147947
1241.907631
1249.942691
1257.852118
1265.241129
1271.740854
1277.026735
1280.834703
1282.974344
1283.338384
1281.908037
1278.753931
1274.032580
1267.978577
1260.892889
1253.127854
1245.069610
1237.118845
1229.670828
1223.095704
1217.720054
1213.810623
1211.561035
1211.082159
1212.396594
1215.437565
1220.052269
1226.009514
1233.011257
1240.707489
1248.713693
1256.630032
1264.061291
1270.636593
1276.027894
1279.966342
1282.255681
1282.782039
1281.519595
1278.531870
1273.968545
1268.057995
1261.095892
1253.430453
1245.445066
1237.539165
1230.108302
1223.524408
1218.117239
1214.157919
1211.845405
1211.296551
1212.540263
1215.516041
1220.076979
1225.997063
1232.982425
1240.685975
1248.724683
1256.698663
1264.211087
1270.887959
1276.396746
1280.462947
1282.883772
1283.538249
1282.393253
1279.505168
1275.017079
1269.151654
1262.200062
1254.507476
1246.455894
1238.445117
1230.872856
1224.114933
1218.506581
1214.325766
1211.779364
1210.992883
1212.004230
1214.761857
1219.127345
1224.882331
1231.739400
1239.356426
1247.353623
1255.332474
1262.895589
1269.666493
1275.308372
1279.540835
1282.153860
1283.018224
1282.091910
1279.422162
1275.143090
1269.468945
1262.683408
1255.125414
1247.172230
1239.220630
1231.667100
1224.888069
1219.221144
1214.948291
1212.281794
1211.353699
1212.209261
1214.804725
1219.009549
1224.612957
1231.334490
1238.838039
1246.748645
1254.671234
1262.210352
1268.989916
1274.671987
1278.973640
1281.681076
1282.660289
1281.863733
1279.332680
1275.195137
1269.659427
1263.003764
1255.562333
1247.708573
1239.836504
1232.341016
1225.598126
1219.946160
1215.668835
1212.981053
1212.018133
1212.829030
1215.373848
1219.525811
1225.077563
1231.751504
1239.213630
1247.090212
1254.986448
1262.506190
1269.271742
1274.942749
1279.233227
1281.925897
1282.883086
1282.053672
1279.475710
1275.274606
1269.656940
1262.900230
1255.339159
1247.348934
1239.326620
1231.671373
1224.764558
1218.950732
1214.520461
1211.695811
1210.619238
1211.346447
1213.843550
1217.988701
1223.578091
1230.336042
1237.928665
1245.980436
1254.092834
1261.864141
1268.909402
1274.879562
1279.478810
1282.479301
1283.732480
1283.176476
1280.839192
1276.836921
1271.368575
1264.705804
1257.179503
1249.163367
1241.055328
1233.257780
1226.157593
1220.106894
1215.405581
1212.286443
1210.903608
1211.324913
1213.528566
1217.404260
1222.758694
1229.325213
1236.777097
1244.743829
1252.829536
1260.632677
1267.766012
1273.875847
1278.659595
1281.880791
1283.380808
1283.086688
1281.014715
1277.269529
1272.038857
1265.584105
1258.227284
1250.334931
1242.299825
1234.521404
1227.385862
1221.246929
1216.408272
1213.108405
1211.508865
1211.686221
1213.628338
1217.235057
1222.323273
1228.636140
1235.855959
1243.620083
1251.539069
1259.216145
1266.267041
1272.339182
1277.129291
1280.398517
1281.984345
1281.808687
1279.881747
1276.301484
1271.248682
1264.977886
1257.804660
1250.089789
1242.221231
1234.594713
1227.593936
1221.571386
1216.830704
1213.611490
1212.077317
1212.307529
1214.293250
1217.937799
1223.061485
1229.410551
1236.669811
1244.478359
1252.447559
1260.180423
1267.291410
1273.425650
1278.276650
1281.601583
1283.233408
1283.089213
1281.174360
1277.582238
1272.489623
1266.147885
1258.870479
1251.017344
1242.976983
1235.147128
1227.914948
1221.637783
1216.625372
1213.124459
1211.306541
1211.259364
1212.982608
1216.387951
1221.303523
1227.482528
1234.615584
1242.346196
1250.288551
1258.046780
1265.234704
1271.495089
1276.517445
1280.053481
1281.929451
1282.054762
1280.426439
1277.129196
1272.331141
1266.275306
1259.267440
1251.660681
1243.837848
1236.192281
1229.108136
1222.941170
1218.000937
1214.535306
1212.718074
1212.640278
1214.305658
1217.630489
1222.447785
1228.515675
1235.529529
1243.137216
1250.956752
1258.595439
1265.669538
1271.823501
1276.747800
1280.194444
1281.989430
1282.041487
1280.346686
1276.988676
1272.134535
1266.026448
1258.969619
1251.317017
1243.451738
1235.767832
1228.650585
1222.457219
1217.498985
1214.025552
1212.212449
1212.152227
1213.849748
1217.221863
1222.101495
1228.245907
1235.348778
1243.055452
1250.980622
1258.727566
1265.907957
1272.161288
1277.172910
1280.689802
1282.533285
1282.608021
1280.906873
1277.511360
1272.587692
1266.378569
1259.191166
1251.381882
1243.338625
1235.461511
1228.142931
1221.747995
1216.596312
1212.946027
1210.980904
1210.801112
1212.418161
1215.754254
1220.646091
1226.852926
1234.068494
1241.936202
1250.066842
1258.057931
1265.513727
1272.064919
1277.387010
1281.216476
1283.363898
1283.723410
1282.277989
1279.100323
1274.349212
1268.261682
1261.141196
1253.342559
1245.254252
1237.279095
1229.814179
1223.231089
1217.857381
1213.960255
1211.733234
1211.286499
1212.641387
1215.729313
1220.395164
1226.405021
1233.457805
1241.200274
1249.244629
1257.187850
1264.631793
1271.203062
1276.571646
1280.467409
1282.693597
1283.136700
1281.772165
1278.665677
1273.969947
1267.917161
1260.807459
1252.994025
1244.865529
1236.826784
1229.278589
1222.597767
1217.118376
1213.115042
1210.789245
1210.259233
1211.554079
1214.612168
1219.284202
1225.340566
1232.482694
1240.357877
1248.576764
1256.732695
1264.421911
1271.263615
1276.918908
1281.107647
1283.622379
1284.338674
1283.221326
1280.326119
1275.797074
1269.859296
1262.807802
1254.992858
1246.802575
1238.643615
1230.920977
1224.017859
1218.276609
1213.981705
1211.345609
1210.498211
1211.480376
1214.241921
1218.644127
1224.466649
1231.418499
1239.152534
1247.282749
1255.403497
1263.109691
1270.016979
1275.780879
1280.113943
1282.800068
