1080.461167
1143.967501
1275.405262
1473.534310
1735.353654
2054.947756
2422.740263
2825.565037
3247.695273
3672.605105
4084.870296
4471.433901
4821.924198
5128.692583
5387.627112
5600.004034
5773.678973
5919.521579
6041.357225
6127.842154
6158.823076
6123.780731
6032.845736
5906.616856
5755.730341
5573.821218
5349.963111
5083.763290
4788.207108
4483.095372
4188.935039
3923.496034
3698.592385
3518.982633
3385.191582
3296.933172
3255.628647
3267.008819
3339.612342
3475.101061
3658.943076
3865.081638
4071.637646
4269.425415
4455.317226
4623.281748
4766.816696
4887.870798
4998.922875
5115.865825
5247.728262
5387.143397
5506.632519
5569.711040
5554.839765
5470.537173
5344.757250
5201.057250
5047.227581
4882.898346
4710.806493
4538.359036
4371.636099
4211.550087
4056.934265
3909.757339
3775.525468
3660.382913
3570.623904
3513.495260
3494.896607
3515.115568
3567.362348
3641.947574
3734.001578
3846.912104
3985.252612
4143.272663
4302.649407
4444.342667
4564.232944
4675.915687
4795.419701
4922.661752
5038.286115
5117.555737
5148.112687
5138.016337
5108.659482
5078.387316
5049.772900
5010.535558
4946.988689
4857.809729
4755.894468
4658.497759
4576.691965
4512.176538
4459.644163
4409.986216
4353.035996
4281.100688
4193.095440
4096.061885
4002.338918
3925.830637
3881.187497
3882.723861
3937.746174
4038.327985
4160.817364
4275.217897
4358.996462
4407.530147
4434.072137
4457.296057
4485.900306
4516.306339
4545.604190
4580.961844
4630.624712
4688.559597
4734.431699
4749.534548
4732.202083
4699.695159
4674.593141
4667.055166
4669.599809
4667.064500
4648.609341
4611.596544
4558.760632
4494.563304
4424.894814
4359.096151
4308.509905
4280.413823
4274.416114
4284.953910
4305.082724
4328.522524
4351.658909
4374.324649
4396.849582
4416.539562
4428.554667
4430.528864
4425.570059
4420.325087
4421.182818
4433.195280
4460.454454
4503.261285
4553.757046
4598.111271
4626.013142
4637.739129
4641.889844
4646.262140
4651.081790
4652.291974
4649.496698
4646.209319
4642.431110
4631.511758
4607.541672
4575.431156
4551.100449
4549.640712
4571.918469
4602.661647
4622.611465
4622.623527
4607.860141
4592.143490
4588.266945
4599.648369
4617.837536
4628.556147
4622.649162
4601.627809
4573.675481
4548.130342
4534.059659
4538.227723
4559.904046
4589.794898
4617.389655
4638.392904
4653.595855
4662.671688
4661.571137
4645.725436
4614.382936
4571.699166
4526.379192
4493.031257
4490.720048
4532.737800
4612.782917
4700.404148
4753.224027
4740.997826
4665.289283
4560.120993
4473.156494
4439.332040
4463.793240
4525.060429
4591.951512
4638.484309
4650.499308
4626.807070
4577.484190
4521.047112
4480.048864
4472.742161
4502.642521
4553.230734
4594.546505
4600.480390
4565.321732
4506.438938
4450.225234
4414.641741
4405.032328
4421.311042
4461.818804
4519.764200
4580.779283
4627.152660
4646.094328
4636.572399
4610.000692
4582.708772
4564.292954
4551.706353
4535.982444
4515.475121
4500.262596
4502.103386
4521.837574
4548.222368
4568.099081
4575.703382
4572.606454
4562.809909
4551.278518
4544.541564
4546.399216
4551.594342
4548.803978
4533.142841
4512.980977
4502.377783
4509.330553
4531.553203
4558.061801
4572.579397
4561.948346
4528.749361
4495.136192
4488.305673
4519.369035
4576.452203
4635.627010
4675.313715
4683.438368
4658.923294
4611.307053
4557.850014
4516.635547
4498.647296
4504.801412
4528.744825
4560.448515
4589.091556
4607.347952
4614.725585
4615.922047
4616.544140
4621.376140
4634.240576
4654.816462
4675.035784
4682.451312
4668.825238
4635.178491
4590.681811
4548.908442
4523.355838
4521.639367
4540.011000
4564.140686
4579.461147
4581.827560
4576.636216
4570.723603
4568.743498
4573.647082
4584.271500
4592.723135
4589.751215
4575.276868
4560.948364
4560.092841
4575.520227
4596.618115
4607.992066
4602.958124
4589.871430
4584.982955
4599.412430
4632.005658
4670.856686
4699.822912
4707.130302
4691.273619
4659.574623
4622.283697
4587.978730
4561.697876
4544.528628
4535.466270
4536.044694
4551.147000
4580.855399
4613.490057
4632.099985
4628.301265
4608.651227
4589.413463
4585.153206
4598.595602
4619.629909
4634.298334
4632.933592
4610.530145
4567.460507
4515.860943
4479.905024
4480.843666
4520.157427
4578.983458
4632.520279
4665.493181
4677.877095
4678.717547
4675.674411
4670.074277
4659.695463
4644.366208
4628.512216
4618.527574
4617.901803
4624.668154
4632.258210
4632.819721
4623.152130
4609.924762
4606.729050
4622.531226
4653.064942
4685.050319
4706.810121
4713.400892
4705.873162
4689.857120
4673.633850
4664.344220
4665.123071
4675.563790
4693.103407
4711.636508
4719.212852
4702.088736
4656.436333
4597.009945
4552.021464
4545.436768
4578.326885
4625.822628
4657.026278
4659.672751
4644.678375
4631.557131
4632.771365
4648.739458
4672.589058
4696.625092
4715.675662
4727.260835
4730.626503
4726.645786
4716.688885
4700.073201
4675.863738
4649.867359
4637.404435
4654.641046
4703.485609
4764.312747
4807.667223
4816.267581
4794.151265
4755.327501
4708.325272
4653.369038
4591.010140
4529.887768
4485.960264
4474.029754
4497.190688
4542.403553
4586.584582
4609.384348
4604.980527
4585.613934
4573.323402
4585.402480
4625.359401
4683.398639
4740.797752
4777.354020
4782.260764
4759.942390
4724.757961
4690.852031
4667.033034
4658.695794
4671.050056
4707.314162
4762.188821
4818.070572
4850.414110
4840.377260
4786.567182
4707.619528
4631.923041
4579.785642
4552.590982
4539.527124
4532.319150
4529.255665
4528.766219
4527.828633
4526.571247
4527.496495
4529.371702
4527.271478
4520.153701
4514.635750
4520.258403
4542.780662
4580.444974
4622.946142
4654.218138
4661.107540
4642.950714
4613.085541
4591.183345
4593.506863
4627.188512
4688.053890
4760.113503
4820.623592
4851.754716
4850.282559
4826.574706
4794.061617
4759.738859
4724.510532
4691.183878
4668.715653
4665.428250
4678.845551
4695.300271
4700.280094
4687.221472
4657.359339
4616.508577
4574.756034
4546.288806
4544.912204
4576.206778
4631.159360
4686.945181
4718.096399
4711.865289
4674.739408
4624.392372
4575.263170
4532.910675
4501.487977
4489.713670
4503.690700
4538.252292
4583.291062
4635.654669
4694.727054
4749.172604
4780.882770
4782.737953
4763.689236
4735.145643
4699.757157
4657.549690
4617.776471
4597.263433
4605.076693
4631.948034
4658.100546
4671.402161
4676.687105
4687.576353
4710.519293
4737.948489
4755.255135
4751.692829
4726.423362
4688.396797
4651.747933
4629.577863
4628.676372
4646.678999
4673.490450
4697.664354
4713.960566
4724.785735
4733.044890
4735.411943
4726.515736
4709.607112
4698.725239
4706.433181
4729.248159
4748.553656
4748.276868
4731.051646
4714.505425
4710.648103
4714.119331
4714.046447
4708.289292
4699.804038
4688.396913
4672.804371
4655.282423
4640.479094
4632.937313
4636.186878
4650.964022
4673.057428
4694.331871
4708.711321
4717.563144
4726.713251
4738.144659
4746.703567
4745.066910
4729.186389
4698.314843
4655.509163
4613.445739
4594.934304
4617.178014
4673.565996
4736.907558
4781.086219
4797.352982
4793.407861
4781.058347
4765.340294
4744.668866
4718.773224
4694.023745
4680.635646
4683.323965
4694.413117
4700.116413
4696.238596
4695.832698
4718.914296
4771.879564
4835.184730
4873.698494
4861.646939
4798.471360
4706.292723
4619.048070
4569.699318
4573.425065
4616.801740
4667.853816
4697.785515
4693.114210
4654.893456
4595.045824
4532.891564
4487.879197
4470.696089
4480.165546
4507.200048
4540.739218
4571.624414
4594.158389
4606.144515
4607.660215
4600.627556
4590.864516
4588.315012
4602.752677
4638.767667
4691.441313
4744.552018
4777.341703
4778.006979
4751.122333
4711.753259
4674.371728
4647.445482
4633.889575
4632.226551
4638.089441
4647.388333
4658.973536
4674.235754
4693.458718
4711.385749
4716.620696
4697.396243
4649.194025
4577.639879
4497.348967
4430.110991
4399.914802
4422.572409
4494.860951
4592.037250
4679.383885
4730.883802
4738.895856
4709.389956
4654.970890
4595.340635
4555.648079
4553.503967
4586.644546
4636.158291
4680.887273
4709.471283
4722.743657
4726.897827
4726.670943
4726.016060
4729.085360
4735.984770
4741.136728
4738.977973
4729.965572
4720.052293
4715.752699
4719.829376
4729.641510
4738.723563
4741.137736
4735.615368
4725.185852
4712.648153
4698.993053
4686.207911
4676.081165
4664.933402
4645.449162
4617.567972
4595.178181
4598.994233
4640.441496
4709.025397
4775.759052
4811.934554
4806.660109
4770.138363
4723.100795
4682.571535
4656.645970
4648.784655
4659.920656
4685.272034
4714.297777
4734.976431
4736.651761
4713.314401
4669.922499
4623.814643
4594.790250
4592.331185
4612.987679
4647.233282
4685.213058
4717.246089
4733.370069
4727.933345
4707.340961
4689.038935
4688.374569
4707.023861
4734.537947
4758.436544
4770.959123
4768.852138
4752.900769
4730.294802
4712.704380
4706.744700
4708.363524
4710.299047
4711.475596
4715.735937
4724.837498
4735.233710
4741.004137
4739.146271
4730.797047
4717.944089
4701.551744
4683.130722
4665.293343
4648.251212
4627.697165
4600.728281
4574.079400
4562.070803
4573.134678
4599.370598
4622.723092
4632.284203
4632.900264
4636.465530
4648.861796
4666.414103
4680.915795
4686.268405
4682.501848
4674.307365
4664.681340
4651.525926
4633.408434
4617.334998
4617.358944
4645.231291
4702.137650
4775.492275
4840.761722
4869.534687
4842.789600
4762.723934
4655.933376
4564.342224
4524.822558
4548.112493
4613.277914
4683.572754
4732.790499
4759.810077
4777.146167
4788.432133
4783.333705
4754.143237
4709.060234
4662.925274
4619.450651
4571.494117
4518.455039
4476.659118
4470.963703
4515.921851
4600.944517
4693.674431
4761.636613
4791.895734
4792.570690
4779.339829
4760.997543
4737.969252
4713.294792
4697.677635
4698.468200
4708.541801
4711.962308
4699.556603
4678.126812
4666.044132
4678.480899
4715.091659
4762.329602
4804.016615
4825.053524
4812.473698
4764.770980
4699.539333
4643.826033
4614.828292
4612.914197
4630.885766
4663.826610
4709.431416
4761.627413
4807.036071
4831.384145
4829.564336
4806.463719
4769.180355
4724.397837
4681.968928
4652.923073
4643.646768
4655.205017
4685.412200
4727.664775
4769.040902
4794.986615
4800.075824
4792.110899
4781.585523
4769.232855
4747.695514
4712.846764
4670.651237
4635.328333
4621.401543
4634.680823
4669.207764
4710.026395
4738.077932
4738.283600
4708.166471
4660.284185
4616.738958
4597.952179
4610.751668
4644.663389
4680.805634
4706.963810
4725.847756
4747.580937
4772.537128
4783.471990
4759.457352
4700.204939
4633.804123
4596.855528
4606.631824
4651.080670
4702.521772
4738.751373
4750.569432
4737.222377
4706.151679
4674.353446
4658.834752
4662.384246
4670.598548
4664.505758
4636.516592
4594.803619
4556.212514
4536.727092
4543.864890
4573.315110
4612.766492
4650.324671
4680.038280
4702.112415
4719.209866
4729.891627
4727.002217
4705.549544
4667.905046
4621.017665
4577.245937
4558.368554
4587.260162
4667.267458
4771.874063
4858.998478
4895.576730
4870.723862
4794.904450
4695.091344
4608.391756
4567.978245
4583.385194
4632.458305
4677.802670
4696.248013
4694.162390
4693.798085
4707.162204
4726.794019
4738.471038
4735.093008
4716.994192
4685.435448
4643.174374
4602.867323
4588.578333
4620.909178
4697.165253
4786.265936
4845.012864
4845.260810
4794.076552
4730.865141
4699.113541
4714.523438
4759.081074
4802.287686
4822.788520
4814.137189
4781.432731
4737.863731
4700.992534
4685.779839
4695.719479
4718.895023
4735.340755
4730.850500
4703.510124
4659.180267
4606.223056
4554.540654
4513.965957
4492.668083
4498.263506
4535.840464
4601.221971
4677.211640
4738.790954
4765.847924
4753.800193
4714.171062
4668.646523
4642.637770
4656.810134
4715.346818
4800.749577
4882.885074
4934.040948
4940.129768
4904.754923
4844.689543
4780.469365
4728.491985
4697.960419
4693.232642
4716.311755
4762.329475
4812.095789
4835.216959
4810.263788
4745.413234
4674.418128
4631.645790
4631.904525
4666.925814
4714.590685
4752.544427
4767.193005
4756.015130
4726.788382
4694.732501
4676.673358
4683.254910
4713.767061
4758.828027
4807.302390
4847.844293
4867.742852
4859.860164
4833.032926
4809.819722
4807.488271
4819.988129
4824.222956
4806.621522
4777.110007
4754.001592
4743.298532
4736.568479
4720.782040
4687.524277
4639.971050
4593.115201
4562.853403
4555.401455
4569.074007
4599.736532
4639.826077
4677.531498
4702.303093
4710.891890
4706.964658
4695.473019
4678.874840
4661.863212
4658.676544
4686.682089
4748.529423
4825.851374
4892.181812
4928.949570
4931.543622
4906.776903
4865.517779
4815.543445
4763.619706
4723.147974
4709.910120
4724.855524
4746.455640
4747.626640
4721.748953
4687.614811
4667.204956
4664.056538
4667.720431
4674.223356
4692.587267
4728.339960
4766.965312
4779.903037
4747.599866
4680.240817
4619.752544
4613.620408
4676.096898
4775.148646
4859.847061
4897.763151
4889.404224
4857.553258
4826.440904
4807.432226
4799.149815
4795.664639
4793.271127
4792.449334
4795.162729
4799.866681
4799.564027
4785.962952
4756.658155
4718.024610
4680.569562
4651.084206
4627.594189
4602.563990
4572.659202
4544.848854
4533.659362
4551.991063
4599.113829
4655.705218
4696.877407
4712.715724
4712.046414
4707.061041
4700.762934
4690.762296
4679.174227
4672.634360
4673.826552
4679.035260
4685.344053
4695.530697
4713.694247
4740.071082
4772.171422
4805.591482
4831.143519
4838.529242
4825.787089
4799.475068
4767.192430
4736.447933
4717.040470
4715.355714
4726.333130
4737.565833
4742.924256
4748.761096
4764.695893
4789.506076
4808.046407
4801.798364
4764.156230
4711.086871
4676.744546
4691.596829
4759.412439
4853.684836
4935.762512
4978.173888
4975.737888
4940.815483
4891.873056
4844.900635
4810.452858
4794.925521
4802.857153
4835.071972
4882.438928
4926.126837
4949.163319
4944.909713
4913.249253
4857.143496
4787.786251
4725.678665
4690.184496
4688.302004
4713.336042
4751.062317
4783.397965
4789.678316
4754.411371
4680.155134
4591.540742
4520.174246
4483.781447
4482.382041
4506.770772
4545.396331
4590.420670
4639.159656
4687.453754
4725.919004
4746.678841
4752.383364
4755.474250
4766.306761
4783.077606
4796.749625
4804.574755
4813.418978
4828.466272
4842.462728
4840.340337
4815.375189
4779.011932
4753.677608
4753.811715
4770.155349
4773.831918
4741.901487
4680.223903
4618.605120
4584.798289
4583.830919
4597.695456
4600.658618
4577.861887
4535.871513
4497.164271
4484.077962
4508.618378
4572.552634
4668.147220
4776.820582
4871.247146
4924.219278
4921.576900
4871.402967
4802.790669
4751.502657
4737.681210
4753.616605
4775.156499
4784.457163
4779.967280
4769.733472
4762.780881
4763.999841
4769.766310
4768.566306
4748.759643
4706.304387
4648.155891
4592.346663
4561.494972
4568.703616
4606.819057
4652.273241
4680.599435
4680.984394
4660.268625
4635.877281
4624.236928
4632.182323
4654.838681
4680.896227
4702.839168
4723.064963
4749.256859
4783.237199
4814.263130
4825.915680
4812.875501
4787.859718
4767.323906
4756.254506
4751.878377
4752.885624
4757.944713
4760.588369
4751.171218
4724.975025
4689.741182
4665.091159
4670.694073
4709.036261
4758.292533
4786.682064
4776.777479
4737.003492
4692.741109
4667.013569
4665.749208
4677.551246
4686.496076
4686.346103
4684.477890
4694.007703
4721.665573
4761.377089
4799.927836
4828.949402
4849.886547
4868.499683
4885.257131
4891.511502
4880.763565
4861.478182
4848.527739
4846.263425
4848.364824
4848.954842
4849.142380
4854.422533
4865.206972
4871.256213
4860.941566
4835.519236
4806.862078
4780.381530
4749.726365
4711.426214
4675.481314
4657.543462
4666.092638
4696.879354
4733.622987
4755.265937
4749.405288
4720.854800
4686.949526
4666.529700
4671.608058
4702.638999
4748.471201
4793.502528
4827.744479
4850.560029
4864.003469
4864.192622
4844.124925
4804.399412
4757.039073
4720.839205
4712.351937
4735.392263
4778.305967
4820.638739
4841.630108
4828.412552
4783.385022
4725.579248
4680.726825
4664.030235
4670.426241
4682.863752
4690.266617
4696.524056
4713.131642
4745.573858
4786.539627
4820.453484
4834.759548
4826.786370
4800.764058
4763.141238
4722.263448
4688.830099
4674.612398
4689.740007
4738.057390
4811.419065
4887.726003
4938.170975
4942.721861
4902.909577
4838.139105
4768.740213
4706.853948
4661.173383
4640.452206
4649.756728
4684.932554
4729.519449
4760.766396
4766.856459
4758.619359
4758.382024
4777.539153
4808.407195
4834.061078
4841.477346
4827.850848
4800.097652
4771.145373
4754.500966
4757.635783
4776.502739
4795.965215
4799.385344
4781.249722
4753.234953
4739.507044
4758.566017
4802.356085
4838.923390
4840.405006
4805.897303
4759.426063
4729.153269
4726.979525
4747.411926
4782.036750
4826.638885
4875.611908
4917.949564
4940.665515
4936.341934
4909.934700
4876.396401
4848.128793
4826.506032
4807.448109
4792.244530
4791.167176
4815.546518
4861.007322
4900.986987
4910.357352
4895.117193
4883.251045
4888.394614
4900.447370
4906.859108
4904.253432
4892.948109
4872.575274
4844.619282
4816.429227
4797.988809
4791.457638
4787.963921
4779.143994
4767.991225
4761.750648
4757.158324
4741.746674
4708.494673
4663.151987
4621.771519
4605.220793
4627.152653
4681.333479
4744.947621
4793.986740
4813.530309
4798.596498
4752.570231
4688.289231
4626.526836
4585.024491
4566.978217
4562.508610
4559.839107
4555.843176
4556.862905
4567.107712
4583.334133
4602.973768
4626.814235
4656.120158
4693.184417
4738.741433
4786.218273
4823.907016
4844.035599
4845.404367
4827.179554
4787.377317
4732.918942
4686.109020
4671.641914
4695.765006
4742.744753
4791.802618
4832.662418
4863.019452
4877.124029
4865.580098
4827.940998
4779.338635
4740.075986
4720.683977
4718.278531
4722.260071
4721.134754
4710.109579
4696.385820
4694.329987
4715.468143
4761.749213
4819.993062
4864.747488
4876.166596
4855.285139
4820.922565
4794.858244
4790.004420
4807.368479
4837.035638
4861.214842
4864.440329
4845.965558
4818.397123
4793.896269
4777.458947
4771.895643
4779.792525
4795.350878
4799.291816
4772.677813
4718.822631
4666.949612
4651.264161
4682.646233
4738.326472
4780.272386
4785.153121
4759.676236
4730.165469
4717.647234
4721.894829
4727.248779
4722.488009
4715.637218
4727.629458
4769.245076
4828.178283
4882.332243
4919.954082
4941.043858
4945.336152
4929.810900
4898.816770
4868.749404
4858.248939
4874.035810
4905.843043
4933.508372
4939.244536
4916.990447
4875.649560
4833.968728
4806.689598
4793.672208
4784.142844
4768.255296
4742.875754
4711.303459
4680.268034
4655.568215
4641.115780
4643.237542
4670.714388
4723.533528
4783.063193
4820.530884
4818.186005
4782.596986
4738.765335
4712.278129
4715.067256
4742.792434
4782.537561
4822.688902
4856.489971
4881.611283
4900.715963
4918.039899
4932.059477
4935.989969
4925.691033
4903.593498
4876.819383
4852.421367
4833.061188
4819.646532
4816.628861
4826.742265
4842.092171
4849.737528
4844.104708
4828.762073
4809.877487
4791.632310
4775.660174
4760.849695
4743.207806
4719.839314
4694.910278
4677.708239
4673.718558
4683.033752
4706.961001
4747.183871
4796.706724
4839.225839
4860.480134
4857.935585
4840.359300
4822.173909
4816.980980
4827.966267
4842.510851
4843.210800
4826.219298
4804.068900
4790.644319
4789.043811
4791.761201
4788.650424
4779.118026
4775.354203
4786.437041
4803.974337
4811.259100
4800.607518
4775.897606
4745.763767
4722.260590
4720.726552
4750.258162
4801.432002
4848.836920
4871.550816
4870.276001
4860.516959
4852.158673
4843.338915
4832.359765
4824.450126
4823.225962
4824.288718
4823.061094
4824.821032
4841.478470
4876.924471
4917.615188
4939.759742
4927.577913
4887.325170
4843.386712
4816.909224
4807.085331
4795.383627
4766.860460
4725.128829
4689.844116
4681.488182
4704.597433
4743.065801
4773.619722
4786.135808
4789.990126
4800.437830
4821.193971
4841.331304
4847.356888
4836.864161
4820.559477
4811.349807
4811.435784
4810.491064
4797.489675
4774.036765
4754.770089
4754.249343
4773.352362
4797.944913
4810.913170
4806.569884
4794.239751
4786.025434
4781.309842
4769.379335
4747.033801
4725.674578
4721.502878
4744.879437
4795.069190
4856.619218
4903.019839
4911.364818
4875.495144
4806.892918
4727.605921
4662.341120
4631.548869
4645.897755
4701.882344
4780.518789
4855.162622
4904.563997
4917.769143
4891.089030
4828.709207
4748.132145
4679.237684
4649.587892
4666.013399
4711.586054
4762.094564
4804.167256
4835.946838
4854.537610
4850.899422
4819.764581
4771.595889
4730.244389
4717.335867
4741.407991
4797.163623
4866.081899
4922.393907
4947.649162
4938.578017
4900.389779
4841.934613
4781.536482
4745.234099
4750.064379
4792.089410
4850.468438
4899.933302
4924.397986
4925.349233
4916.982707
4910.836317
4904.616011
4885.694366
4845.146629
4790.229385
4744.762523
4732.560763
4755.771257
4793.989183
4827.033960
4851.981931
4875.310411
4893.689394
4888.316257
4841.227587
4757.619439
4670.564721
4621.352655
4632.239182
4694.724669
4780.783890
4862.749147
4922.478523
4948.287963
4931.207451
4868.259384
4771.815300
4672.908055
4607.881301
4598.496006
4642.887296
4719.909392
4799.315051
4852.190324
4860.424913
4825.795541
4771.488172
4724.626194
4693.213792
4668.013180
4645.025660
4634.802703
4650.865164
4696.581879
4761.709815
4826.488633
4868.820707
4873.861754
4844.458545
4802.805642
4776.657328
4780.878741
4810.232496
4847.534309
4878.996891
4900.443037
4908.981096
4897.343004
4863.310664
4820.972152
4794.647592
4797.280431
4818.247529
4836.232034
4839.528347
4830.951568
4817.578170
4801.735446
4783.746459
4768.261839
4761.332109
4761.162027
4757.628159
4743.106287
4718.224985
4686.422786
4651.575414
4625.067619
4628.077389
4676.085527
4757.389061
4833.033890
4865.338282
4847.104041
4801.501634
4758.947574
4739.468033
4748.850366
4779.048170
4812.627433
4834.863424
4844.896304
4852.815435
4864.673123
4874.702065
4875.312700
4868.471415
4861.397478
4856.196633
4848.385360
4832.433612
4808.432367
4785.177836
4773.342321
4774.825811
4783.552308
4795.581885
4813.547448
4842.756264
4885.201579
4935.601498
4981.897527
5008.151722
4998.907136
4948.397903
4869.251475
4788.951375
4735.380586
4724.622522
4757.191675
4818.381961
4880.701318
4914.357143
4904.943449
4862.336142
4811.145444
4773.050616
4756.301291
4756.245993
4760.182739
4756.705093
4748.098102
4747.318112
4757.855914
4765.953170
4759.277017
4747.225494
4755.847397
4802.561445
4878.599289
4954.174399
4996.078464
4984.254350
4923.352634
4845.073959
4792.400623
4789.864357
4828.049593
4880.146015
4926.437338
4958.319623
4969.856677
4958.175835
4931.386930
4904.904180
4883.814563
4857.172603
4816.567269
4771.921974
4742.797476
4740.988666
4765.951945
4810.793865
4864.133103
4908.011933
4925.083654
4911.644930
4880.574386
4852.833245
4846.919372
4868.618405
4903.768270
4925.718365
4915.840681
4877.882499
4836.073949
4818.764516
4835.406068
4868.243514
4892.094324
4898.460896
4895.767257
4894.322854
4897.584779
4903.177715
4904.276862
4890.773815
4856.880888
4810.835707
4774.738793
4769.360153
4797.565669
4843.340601
4881.525467
4890.197098
4866.829429
4833.384715
4816.240436
4822.506230
4841.481193
4863.466479
4888.842303
4920.346586
4952.520009
4972.270303
4970.113047
4947.962791
4914.285343
4877.988974
4852.490434
4855.881842
4893.099095
4942.262658
4971.926050
4970.100152
4947.073053
4914.056109
4872.381148
4823.643037
4779.621714
4757.122516
4760.728228
4773.718471
4774.428261
4758.543979
4738.060862
4723.449081
4716.583806
4719.176749
4733.923720
4752.411964
4756.262437
4739.796990
4722.917523
4733.045666
4779.226482
4849.460864
4925.473184
4991.754686
5037.136123
5058.038170
5058.661215
5043.267530
5013.192880
4976.717592
4955.132851
4967.423725
5007.371066
5043.531660
5043.510106
4995.599459
4913.260410
4826.386135
4764.396410
4740.363530
4749.309661
4777.036060
4805.251285
4815.877991
4800.478129
4764.794235
4721.629370
4681.646135
4653.453277
4645.950673
4661.024859
4687.970572
4711.827175
4726.267637
4740.623886
4772.762218
4826.709122
4881.352226
4911.096939
4909.101966
4882.967571
4841.535690
4795.699817
4763.800890
4764.262587
4798.945572
4847.550980
4882.951146
4892.072802
4880.520460
4859.210095
4832.100458
4799.627275
4768.789933
4753.090374
4763.063908
4799.737802
4853.510193
4904.410309
4928.724634
4912.445332
4859.392928
4791.201550
4742.968486
4747.867239
4810.875985
4897.484671
4957.942512
4964.146818
4921.537992
4854.983580
4792.661500
4755.412904
4747.478435
4757.394589
4771.208249
4781.186038
4784.752247
4783.410169
4782.179663
4785.684892
4795.632073
4812.446547
4834.457900
4853.890608
4859.530443
4847.113168
4825.377253
4810.106265
4813.479664
4839.721411
