750.879008
743.436677
738.839017
737.728422
740.199385
745.791096
753.570961
762.293952
770.609893
777.283023
781.386643
782.440641
780.470219
775.978216
769.838564
763.131858
756.953474
752.228462
749.565128
749.171266
750.845014
754.038594
757.980214
761.829485
764.836670
766.476517
766.533284
765.123456
762.654716
759.731647
757.028160
755.152146
754.528359
755.321125
757.410182
760.422334
763.810897
766.966007
769.333493
770.519079
770.358244
768.939280
766.576565
763.740807
760.961235
758.719752
757.358152
757.016373
757.613219
758.872347
760.387275
761.711566
762.455582
762.370194
761.400717
759.700480
757.601570
755.548843
754.010519
753.383216
753.910272
755.629479
758.360491
761.734358
765.259404
768.410618
770.725278
771.886404
771.778176
770.502973
768.357197
765.771044
763.224216
761.154124
759.874319
759.518699
760.021848
761.138727
762.499264
763.686692
764.324004
764.151541
763.080656
761.213216
758.823504
756.306376
754.102076
752.612467
752.124956
752.758654
754.442858
756.931519
759.850385
762.767227
765.271285
767.046497
767.924597
767.908336
767.161060
765.965570
764.661094
763.571369
762.938299
762.874303
763.342519
764.168346
765.079484
765.765999
765.948036
765.437396
764.180555
762.274541
759.952533
757.542125
755.404621
753.867423
753.162875
753.385561
754.476286
756.235669
758.364374
760.521762
762.391204
763.739062
764.455762
764.571025
764.240591
763.707454
763.245746
763.098815
763.424150
764.256408
765.496080
766.926208
768.253913
769.168498
769.404572
768.797585
767.320658
765.095248
762.373365
759.494650
756.826606
754.699560
753.348969
752.876228
753.235461
754.248641
755.645797
757.122135
758.400566
759.287131
759.708236
759.722276
759.503351
759.300365
759.379738
759.963319
761.174105
763.000968
765.289880
767.764007
770.069334
771.837444
772.753602
772.617117
771.382301
769.171925
766.260287
763.028730
759.901705
757.275138
755.450348
754.585641
754.674381
755.553285
756.938975
758.485554
759.852059
760.766950
761.077528
760.775195
759.992221
758.971173
758.013363
757.416590
757.414347
758.128177
759.542161
761.504126
763.752919
765.966127
767.818757
769.041464
769.467218
769.057756
767.905275
766.209700
764.236641
762.264799
760.533471
759.200507
758.318823
757.835633
757.613954
757.471426
757.228028
756.752548
755.997999
755.018478
753.963729
753.052285
752.528353
752.611011
753.445871
755.069006
757.390605
760.202019
763.205320
766.060124
768.439085
770.081731
770.836674
770.684391
769.736534
768.212149
766.395564
764.584091
763.035494
761.925028
761.319856
761.175147
761.351914
761.652463
761.865973
761.814990
761.393561
760.589680
759.487867
758.251797
757.090809
756.217271
755.803506
755.946900
756.650083
757.819967
759.285585
760.830978
762.236348
763.319207
763.967298
764.156850
763.952720
763.490678
762.945653
762.492576
762.267856
762.339384
762.691145
763.225563
763.783111
764.175238
764.223983
763.800335
762.853614
761.425968
759.649022
757.723233
755.883939
754.360639
753.337371
752.921749
753.128489
753.880344
755.025941
756.370746
757.714840
758.890005
759.788889
760.380733
760.710928
760.884966
761.040467
761.313288
761.804843
762.557342
763.542013
764.662560
765.773038
766.706327
767.307263
767.463605
767.128495
766.329880
765.165096
763.781882
762.349858
761.028480
759.938146
759.140420
758.631413
758.349544
758.195884
758.062569
757.863033
757.557352
757.166935
756.774991
756.512137
756.529688
756.965843
757.911648
759.383906
761.311020
763.535332
765.832309
767.943579
769.617975
770.653061
770.929290
770.430276
769.245186
767.552683
765.589351
763.608526
761.837307
760.439840
759.493722
758.983780
758.814030
758.835074
758.881125
758.808995
758.531060
758.035463
757.389452
756.725224
756.211200
756.014724
756.263924
757.016771
758.243926
759.829236
761.588142
763.300579
764.751918
765.773722
766.275978
766.264038
765.836494
765.164011
764.453055
763.901590
763.655676
763.775903
764.220900
764.851866
765.457970
765.798256
765.652228
764.869303
763.407199
761.351177
758.909505
756.385007
754.127162
752.473096
751.688162
751.917202
753.155793
755.247307
757.906838
760.768092
763.445001
765.596971
766.985888
767.514431
767.238655
766.352534
765.147380
763.953737
763.076627
762.736292
763.025530
763.891635
765.146313
766.501696
767.625686
768.206217
768.012360
766.940827
765.039154
762.501246
759.636153
756.815909
754.412154
752.733257
751.973445
752.183101
753.265279
754.998578
757.081503
759.189568
761.034100
762.411647
763.234893
763.539720
763.467774
763.228650
763.049693
763.123743
763.565346
764.384165
765.480819
766.665840
767.697856
768.333262
768.377401
767.726949
766.394943
764.513335
762.312346
760.080488
758.112923
756.658167
755.873454
755.797479
756.345814
757.329921
758.496078
759.576642
760.343665
760.654380
760.479639
759.909671
759.135910
758.412293
758.003449
758.129747
758.919883
760.380258
762.387281
764.704329
767.020443
769.003672
770.359177
770.881291
770.489833
769.243975
767.331114
765.032966
762.675266
760.570545
758.964622
757.996668
757.680053
757.907181
758.476974
759.139410
759.648357
759.812492
759.534591
758.831767
757.832985
756.754479
755.857945
755.399545
755.579434
756.501330
758.149629
760.388199
762.980893
765.629751
768.023683
769.888590
771.029854
771.359757
770.905388
769.796378
768.235569
766.458804
764.691853
763.112677
761.825903
760.853707
760.143930
759.592836
759.077097
758.487953
757.760286
756.890641
755.940638
755.025349
754.289324
753.875472
753.893452
754.394229
755.356177
756.685666
758.232112
759.814466
761.253808
762.405436
763.183951
763.576247
763.639774
763.486432
763.255378
763.080310
763.057968
763.224397
763.544038
763.914172
764.184190
764.186195
763.771080
762.843065
761.385792
759.474624
757.272314
755.008364
752.945469
751.338918
750.396180
750.243921
750.908320
752.312137
754.288870
756.611238
759.028663
761.306851
763.262377
764.786241
765.852598
766.511724
766.869282
767.056469
767.197250
767.379236
767.633897
767.929820
768.180083
768.262032
768.045296
767.422376
766.335626
764.795288
762.884953
760.753342
758.593871
756.615819
755.012413
753.931664
753.455156
753.588385
754.264023
755.357030
756.708387
758.152761
759.544830
760.779568
761.803092
762.612707
763.246927
763.768194
764.242293
764.718981
765.217830
765.722090
766.181570
766.523638
766.669777
766.554002
766.139177
765.427746
764.464619
763.331627
762.134681
760.986270
759.986835
759.208757
758.686075
758.411870
758.343638
758.415370
758.553700
758.694727
758.798033
758.855075
758.890313
758.954978
759.114874
759.434819
759.962954
760.718133
761.682927
762.803559
763.996690
765.161581
766.195116
767.006699
767.530156
767.730548
767.604924
767.177402
766.490143
765.592620
764.531835
763.345800
762.061723
760.699125
759.276863
757.821984
756.377767
755.008331
753.797877
752.843752
752.243947
752.081037
752.405546
753.222237
754.482472
756.084905
757.885223
759.713946
761.399646
762.793727
763.792422
764.351938
764.493806
764.299202
763.893022
763.420377
763.019694
762.797255
762.807860
763.045200
763.443747
763.891868
764.253737
764.395995
764.214185
763.654058
762.723766
761.494733
760.091068
758.669579
757.394180
756.409465
755.818353
755.667817
755.945103
756.584761
757.484742
758.528036
759.605348
760.634202
761.570674
762.411552
763.186749
763.943829
764.728197
765.563452
766.436400
767.290361
768.028696
768.528421
768.661621
768.320718
767.442656
766.027111
764.144802
761.933762
759.583673
757.310629
755.326566
753.808653
752.874065
752.564590
752.843765
753.606946
754.702312
755.958856
757.216121
758.350230
759.291512
760.030726
760.613072
761.121559
761.653315
762.293724
763.093639
764.054230
765.122482
766.198218
767.151243
767.845223
768.163583
768.032363
767.435551
766.419942
765.088584
763.584147
762.065431
760.681575
759.548874
758.734540
758.250301
758.056752
758.077233
758.218113
758.391180
758.533457
758.620396
758.669822
758.735932
758.894758
759.224269
759.783397
760.594551
761.633431
762.828500
764.070451
765.229952
766.180171
766.819572
767.090319
766.988452
766.563635
765.908376
765.138785
764.370710
763.696123
763.164682
762.774440
762.473869
762.175105
761.775981
761.186518
760.354472
759.284490
758.046510
756.771019
755.631281
754.815271
754.492172
754.779589
755.717762
757.255986
759.254373
761.501298
763.744027
765.727444
767.234243
768.119459
768.333122
767.926839
767.042961
765.888109
764.695672
763.683934
763.017303
762.777587
762.950502
763.429804
764.038306
764.561954
764.790790
764.559396
763.779521
762.459030
760.703794
758.702244
756.695384
754.937680
753.655767
753.012240
753.080756
753.836554
755.163663
756.877045
758.755318
760.577909
762.159878
763.378313
764.185927
764.610009
764.737647
764.690693
764.595733
764.555117
764.624689
764.802426
765.029948
765.206329
765.211232
764.932621
764.293478
763.272185
761.912512
760.321173
758.653335
757.088720
755.802764
754.938164
754.582045
754.752903
755.399587
756.412342
757.643677
758.935059
760.144388
761.169183
761.961293
762.530594
762.937281
763.274468
763.644652
764.134655
764.793936
765.620411
766.556544
767.496460
768.302827
768.830431
768.952177
768.582808
767.696120
766.332611
764.596252
762.640983
760.649302
758.806642
757.275849
756.175919
755.568307
755.452689
755.772411
756.428181
757.297263
758.254656
759.192580
760.035145
760.746065
761.328623
761.818502
762.271253
762.747015
763.295376
763.943067
764.686499
765.490193
766.291067
767.007587
767.552009
767.843603
767.820709
767.449871
766.730875
765.697236
764.412440
762.962770
761.447952
759.971012
758.628582
757.502725
756.654924
756.122574
755.917962
756.029505
756.424868
757.055513
757.862218
758.781103
759.749695
760.712526
761.625770
762.460402
763.203446
763.857026
764.435169
764.958634
765.448380
765.918605
766.370510
766.787953
767.136061
767.363429
767.408049
767.206438
766.704825
765.870761
764.703228
763.239373
761.556366
759.767490
758.012490
756.443067
755.205292
754.421297
754.172884
754.489537
755.342790
756.648033
758.273763
760.057204
761.824216
763.410810
764.683253
765.553974
765.991050
766.019981
765.717590
765.198949
764.599288
764.053442
763.675762
763.543265
763.684319
764.074356
764.639145
765.265101
765.815236
766.148593
766.140621
765.701843
764.792409
763.430656
761.694530
759.715581
757.666137
755.741068
754.136211
753.025942
752.542557
752.759947
753.683619
755.248447
757.324588
759.731087
762.255661
764.678360
766.796223
768.445799
769.520615
769.981239
769.856558
769.236044
768.254120
767.068821
765.837923
764.696077
763.736435
762.999611
762.471683
762.091544
761.766375
761.392651
760.879124
760.167810
759.249271
758.169370
757.026061
755.956496
755.116352
754.654739
754.688826
755.282529
756.432943
758.067004
760.049101
762.198552
764.314143
766.201731
767.700389
768.702855
769.167043
769.116995
768.633469
767.836204
766.861274
765.837748
764.867818
764.013794
763.293934
762.687344
762.146409
761.613810
761.040354
760.399820
759.697709
758.972172
758.287033
757.718552
757.338911
757.200104
757.321913
757.686733
758.242625
758.914129
759.618673
760.285037
760.869750
761.367513
761.812850
762.271957
762.825791
763.547449
764.478372
765.608523
766.865335
768.114785
769.175791
769.846512
769.938664
769.314023
767.916398
765.792655
763.097936
760.082816
757.063253
754.377385
752.335851
751.173773
751.012718
751.839524
753.506228
755.751803
758.242622
760.625234
762.582727
763.885156
764.425338
764.233772
763.469946
762.391434
761.306069
760.515480
760.259870
760.673739
761.760353
763.389493
765.318896
767.235628
768.810094
769.753180
769.866505
769.076999
767.449887
765.177985
762.549461
759.899962
757.557711
755.791291
754.769162
754.537702
755.021077
756.042287
757.360886
758.720017
759.893881
760.726944
761.157960
761.224892
761.050505
760.812012
760.701084
760.882167
761.457199
762.443346
763.767779
765.280116
766.779773
768.052643
768.909875
769.221258
768.936974
768.093832
766.805254
765.237468
763.576989
761.996105
760.623304
759.524431
758.698078
758.085750
757.594270
757.125404
756.606168
756.013142
755.385309
754.822284
754.467795
754.481323
755.003358
756.121205
757.842363
760.081262
762.662675
765.342004
767.839381
769.881818
771.245971
771.793824
771.494757
770.429882
768.777747
766.783881
764.719632
762.837652
761.331993
760.309861
759.779866
759.658545
759.793527
759.998677
760.094389
759.945364
759.488782
758.747715
757.827420
756.895464
756.149596
755.779557
755.930063
756.671853
757.986116
759.765016
761.828027
763.950857
765.901514
767.476872
768.533196
769.005373
768.911871
768.345133
767.449851
766.393673
765.336105
764.401441
763.660521
763.124178
762.748907
762.452887
762.138601
761.717226
761.129860
760.361557
759.445747
758.458673
757.505452
756.700957
756.149554
755.927700
756.072602
756.578648
757.401664
758.469376
759.695308
760.992861
762.286532
763.518179
764.647605
765.648168
766.499391
767.179255
767.658877
767.901633
767.867557
767.522403
766.849357
765.860433
764.604291
763.167718
761.669214
760.244805
759.028036
758.127631
757.607217
757.471534
757.662639
758.067833
758.538810
758.919185
759.075613
758.926661
758.463546
757.758095
756.955420
756.251631
755.859841
755.970128
756.710653
758.117276
760.117837
762.534807
765.106786
767.525867
769.484835
770.726170
771.084232
770.513003
769.094207
767.024063
764.580787
762.078470
759.815488
758.026680
756.847850
756.298943
756.288776
756.640205
757.130794
757.541128
757.701469
757.527769
757.040046
756.359514
755.684893
755.252355
755.286718
755.953291
757.319697
759.335236
761.832032
764.548166
767.168775
769.377703
770.910231
771.597152
771.392057
770.376807
768.744277
766.761711
764.721660
762.889804
761.459456
760.521265
760.053632
759.935374
759.977873
759.970193
759.728146
759.137552
758.183051
756.956656
755.644136
754.491670
753.759032
753.668271
754.357756
755.850523
758.043222
760.718019
763.575531
766.282851
768.527864
770.069894
770.777405
770.645959
769.793365
768.433280
766.832519
765.260374
763.939614
763.008377
762.499950
762.343878
762.387691
762.434553
762.289093
761.802206
760.905897
759.631309
758.106438
756.534055
755.154268
754.199130
753.848236
754.194001
755.223354
756.819344
758.782197
760.865575
762.820816
764.440449
765.592497
766.238975
766.435229
766.310604
766.034691
765.776288
765.663666
765.754454
766.021483
766.357709
766.599389
766.562960
766.088144
765.078410
763.530254
761.544847
759.318980
757.116300
755.223796
753.901505
753.334951
753.599534
754.643964
756.296347
758.292255
760.319939
762.074521
763.311206
763.887650
763.787574
763.121179
762.102270
761.006320
760.117320
759.673340
759.820925
760.586823
761.872193
763.470259
765.103959
766.476417
767.324751
767.467222
766.835067
765.483408
763.579599
761.371681
759.143294
757.163805
755.643154
754.699736
754.346970
754.500411
755.003261
755.664541
756.301905
756.780288
757.038677
757.099814
757.061225
757.069773
757.285317
757.841214
758.810003
760.181554
761.858329
763.668970
765.397607
766.823101
767.760349
768.095320
767.806694
766.969653
765.740926
764.328005
762.948629
761.788671
760.966943
760.514089
760.369985
760.400311
760.429119
760.280877
759.823466
759.003230
757.864598
756.549732
755.277551
754.305560
753.881443
754.193532
755.329774
757.253381
759.800352
762.700007
765.615341
768.196191
770.135768
771.220322
771.362934
770.615314
769.155528
767.254037
765.224426
763.367957
761.922176
761.022888
760.686233
760.813684
761.218484
761.667976
761.933400
761.837438
761.290410
760.308388
759.010049
757.593313
756.296662
755.352938
754.944762
755.170202
756.025202
757.405855
759.129654
760.971151
762.704643
764.145279
765.180427
765.785237
766.019629
766.007734
765.904413
765.856065
765.964093
766.258833
766.689549
767.132853
767.418031
767.364299
766.822419
765.712117
764.047411
761.944239
759.608253
757.304530
755.314572
753.888604
753.202187
753.325490
754.211200
755.703520
757.566655
759.527434
761.323985
762.751205
763.694405
764.144788
764.194020
764.009162
763.793148
763.738743
763.985244
764.586581
765.497258
766.579018
767.627009
768.410362
768.719175
768.408603
767.431210
765.851050
763.836411
761.632397
759.518441
757.758837
756.555827
756.014296
756.124964
756.769361
757.745665
758.810384
759.727787
760.317395
760.490202
760.266442
759.771271
759.209033
758.820961
758.834445
759.413693
760.621471
762.399529
764.571820
766.870289
768.978697
770.586491
771.442790
771.400506
770.442432
768.684538
766.355943
763.759421
761.219839
759.030120
757.404640
756.448404
756.147255
756.380288
756.951419
757.633503
758.216132
758.547771
758.564183
758.297979
757.867907
757.450534
757.240371
757.406690
758.055776
759.206139
760.781537
762.622987
764.517194
766.235521
767.575629
768.397453
768.646423
768.359508
767.653143
766.695838
765.671286
764.739739
764.005691
763.498557
763.170364
762.910902
762.577162
762.030889
761.176293
759.989819
758.535379
756.961294
755.478880
754.326342
753.724698
753.834250
754.720190
756.334379
758.517281
761.020248
763.544391
765.789057
767.501017
768.515223
768.779594
768.359258
767.419597
766.191487
764.925480
763.843792
763.099274
762.749159
762.748453
762.963935
763.205765
763.270190
762.984782
762.247111
761.049165
759.482633
757.724016
756.002510
754.557056
753.591074
753.233891
753.516522
754.366637
755.623700
757.071277
758.480064
759.652989
760.463359
760.878288
760.962628
760.862436
760.771170
760.885287
761.358146
762.261602
763.563288
765.124607
766.720461
768.077442
768.923567
769.040221
768.306376
766.726478
764.436359
761.685654
758.799617
756.127147
753.984450
752.604629
752.102352
752.459930
753.537039
755.101902
756.877674
758.594991
760.040574
761.092691
761.736927
762.059659
762.221021
762.413181
762.812603
763.536144
764.610002
765.957986
767.411697
768.740817
769.697686
770.067380
769.713337
768.609303
766.850935
764.644318
762.273088
760.050085
758.262503
757.120906
756.721835
757.031285
757.892357
759.055882
760.228397
761.128547
761.541314
761.359860
760.607028
759.432363
758.085093
756.868022
756.080848
755.963405
756.649322
758.138625
760.294276
762.863192
765.517780
767.910292
769.730071
770.753384
770.877065
770.130404
768.663788
766.716954
764.573401
762.509844
760.750231
759.432641
758.594627
758.178833
758.056740
758.064933
758.046062
757.885969
757.539544
757.040319
756.492284
756.046009
755.864370
756.085172
756.788507
757.975648
759.563816
761.397926
763.276933
764.989461
766.351537
767.238877
767.607291
767.497224
767.021667
766.340035
765.623436
765.018467
764.616974
764.437936
764.425196
764.461525
764.396142
764.080107
763.402312
762.318659
760.868295
759.173341
757.421816
755.836831
754.637852
754.001502
754.029469
754.729771
756.015025
757.718051
759.621777
761.497610
763.144822
764.423353
765.273780
765.720798
765.859868
765.830056
765.778851
765.826348
766.036255
766.399820
766.836115
767.208742
767.355678
767.126186
766.417207
765.201586
763.542024
761.587415
759.551702
757.678924
756.200954
755.296030
755.056198
755.470198
756.425425
757.728903
759.143542
760.432866
761.405665
761.951924
762.062918
761.831390
761.431494
761.082148
761.000701
761.355810
762.228721
763.590674
765.301189
767.128059
768.785753
769.985380
770.487078
770.145103
768.937136
766.972188
764.475394
761.752262
759.138739
756.946082
755.410478
754.656455
754.680537
755.357868
756.470215
757.749901
758.931291
759.800173
760.231927
760.211555
759.832190
759.272745
758.759327
758.517983
758.727942
759.484222
760.776647
762.489085
764.418827
766.312266
767.909946
768.992418
769.418295
769.147516
768.245724
766.869331
765.234478
763.576131
762.105271
760.972377
760.243998
759.896600
759.828418
759.886586
759.903869
759.737546
759.302671
758.593136
757.686362
756.730732
755.918157
755.447115
755.483249
756.125113
757.381603
759.165403
761.303709
763.564284
765.692036
767.449429
768.653430
769.202444
769.088666
768.394044
767.271107
765.912622
764.516011
763.249171
762.223893
761.481410
760.992171
760.669242
760.392137
760.036131
759.501206
758.735127
757.746466
756.605432
755.432800
754.379389
753.600246
753.228453
753.353300
754.006498
755.158397
756.724194
758.578278
760.573497
762.561492
764.410424
766.017309
767.313544
768.263761
768.859526
769.110328
769.034571
768.652982
767.985895
767.054692
765.886478
764.520098
763.011194
761.434125
759.879343
758.445887
757.229986
756.311788
755.742994
755.538169
755.671985
756.083506
756.687156
757.388583
758.102428
758.768447
759.362541
759.900161
760.430977
761.025505
761.756066
762.675802
763.800054
765.094179
766.470799
767.797740
768.915841
769.663818
769.905855
769.556836
768.600391
767.096096
765.174088
763.017674
760.836777
758.836831
757.188637
756.004619
755.325708
755.121141
755.301015
755.738986
756.300595
756.871596
757.380700
757.812216
758.206105
758.645437
759.233786
760.067146
761.206136
762.654293
764.347197
766.155069
767.898944
769.377792
770.401779
770.825550
770.575223
769.663862
768.192268
766.334594
764.311161
762.353242
760.666105
759.396991
758.613784
758.298157
758.354300
758.631422
758.955666
759.165375
759.143048
758.838032
758.275804
757.552248
756.814237
756.230370
755.957555
756.109857
756.735511
757.806369
759.221623
760.824901
762.431292
763.859006
764.959602
765.641083
765.879669
765.718325
765.252752
764.607991
763.910579
763.261976
762.718670
762.282886
761.905693
761.501745
760.972523
760.233245
759.237820
757.996607
756.583117
755.127988
753.801056
752.784660
752.243107
752.293954
752.986464
754.291266
756.103091
758.256072
760.548705
762.773870
764.748469
766.337438
767.468149
768.133113
768.381260
768.300179
767.993396
767.557498
767.063723
766.547497
766.007569
765.414324
764.724870
763.901134
762.926593
761.817692
760.627187
759.438498
758.352181
757.467389
756.862405
756.578600
756.611550
756.911570
757.393913
757.956801
758.503651
758.964805
759.313967
759.575475
759.820285
760.150835
760.677330
761.489894
762.632180
764.082046
765.743816
767.454585
769.004419
770.167561
770.739507
770.573430
769.609247
767.889719
765.560130
762.850988
760.046222
757.442050
755.303427
753.825540
753.106963
753.139066
753.813344
769.063564
